t,node,tel,ack_flag,policy,block,sent_gws,reject_reason,b1,b2,b3,score1,score2,score3,used_gw1,used_gw2,used_gw3,interferer
1790594054.7260616,5,84,1,state-aware,3,1,,0.0,0.0,,0.0,0.0,,1,0,,OFF
1790594056.362526,8,81,1,state-aware,3,2,,0.9925,0.9937,,0.9925,0.9937,,1,1,,OFF
1790594057.3289492,1,81,1,state-aware,3,2,,0.9923,0.9941,,0.9923,0.9941,,1,2,,OFF
1790594058.911951,9,87,1,state-aware,3,2,,0.9915,0.9938,,0.9915,0.9938,,1,3,,OFF
1790594059.5080283,6,86,1,state-aware,3,2,,0.9882,0.9901,,0.9882,0.9901,,1,4,,OFF
1790594062.510427,10,80,1,state-aware,3,2,,0.0029,0.9915,,0.0029,0.9915,,1,5,,OFF
1790594067.992288,2,14,1,state-aware,3,1,,0.9937,0.9933,,0.9937,0.9933,,2,5,,OFF
1790594069.9096553,7,83,0,state-aware,3,1,,0.9908,0.8841,,0.9908,0.8841,,3,5,,OFF
1790594069.9104643,4,88,0,state-aware,3,1,,0.9904,0.9878,,0.9904,0.9878,,4,5,,OFF
1790594069.9120724,3,82,0,state-aware,3,1,,0.9742,0.9721,,0.9742,0.9721,,5,5,,OFF
1790594070.8058288,5,85,1,state-aware,3,2,,0.9943,0.9942,,0.8953,0.9942,,5,6,,OFF
1790594072.5112731,1,82,1,state-aware,3,1,,0.9932,0.9924,,0.9932,0.927,,6,6,,OFF
1790594072.5437346,8,82,1,state-aware,3,1,,0.9933,0.9944,,0.9933,0.8953,,7,6,,OFF
1790594073.863542,6,87,1,state-aware,3,1,,0.9913,0.9925,,0.9913,0.927,,8,6,,OFF
1790594074.8474736,9,88,1,state-aware,3,1,,0.9931,0.9941,,0.9931,0.8951,,9,6,,OFF
1790594076.5869138,10,81,1,state-aware,3,1,,0.9938,0.9938,,0.9938,0.9282,,10,6,,OFF
1790594078.7901447,7,84,1,state-aware,3,2,,0.9938,0.9846,,0.8949,0.9846,,10,7,,OFF
1790594079.2088485,3,83,1,state-aware,3,2,,0.9925,0.9896,,0.8938,0.9896,,10,8,,OFF
1790594080.0181472,4,89,1,state-aware,3,2,,0.9933,0.9914,,0.8944,0.9914,,10,9,,OFF
1790594083.9779735,2,15,1,state-aware,3,2,,0.9924,0.9943,,0.8937,0.9943,,10,10,,OFF
1790594085.244327,5,86,1,state-aware,3,2,,0.9931,0.9942,,0.8943,0.9285,,10,11,,OFF
1790594086.480599,1,83,1,state-aware,3,1,,0.8689,0.8073,,0.8241,0.7727,,11,11,,OFF
1790594087.3832633,6,88,1,state-aware,3,2,,0.9916,0.9926,,0.9263,0.9272,,11,12,,OFF
1790594088.8084528,9,89,1,state-aware,3,1,,0.9915,0.9915,,0.9262,0.8929,,12,12,,OFF
1790594090.9522035,10,82,1,state-aware,3,2,,0.9933,0.9942,,0.9278,0.9285,,12,13,,OFF
1790594091.9176254,8,83,0,state-aware,3,1,,0.9915,0.9942,,0.9263,0.8952,,13,13,,OFF
1790594092.3623812,3,84,1,state-aware,3,2,,0.9925,0.9854,,0.8938,0.9211,,13,14,,OFF
1790594092.9744425,7,85,1,state-aware,3,2,,0.9941,0.9776,,0.8951,0.9147,,13,15,,OFF
1790594093.5151327,4,90,1,state-aware,3,2,,0.9942,0.9914,,0.8952,0.9262,,13,16,,OFF
1790594097.0055852,2,16,1,state-aware,3,2,,0.9944,0.9944,,0.8953,0.9286,,13,17,,OFF
1790594098.5145712,5,87,1,state-aware,3,2,,0.9932,0.9944,,0.8943,0.9045,,13,18,,OFF
1790594099.4215596,1,84,1,state-aware,3,2,,0.9938,0.9925,,0.9042,0.9271,,13,19,,OFF
1790594101.99436,8,84,1,state-aware,3,2,,0.9944,0.9938,,0.8474,0.8948,,13,20,,OFF
1790594102.6995556,9,90,1,state-aware,3,2,,0.9925,0.9938,,0.8461,0.8949,,13,21,,ON
1790594103.3499124,6,89,1,state-aware,3,1,,0.9925,0.9932,,0.9271,0.8466,,14,21,,ON
1790594104.0833182,10,83,1,state-aware,3,1,,0.9942,0.9938,,0.9285,0.9041,,15,21,,ON
1790594106.0179613,7,86,1,state-aware,3,1,,0.9885,0.0,,0.8904,0.1943,,16,21,,ON
1790594106.3187542,4,91,1,state-aware,3,2,,0.9942,0.9914,,0.8951,0.9024,,16,22,,ON
1790594107.6863155,3,85,1,state-aware,3,2,,0.0,0.0,,0.0667,0.1371,,16,23,,ON
1790594113.172494,5,88,1,state-aware,3,2,,0.0,0.0,,0.0667,0.204,,16,24,,ON
1790594114.590685,8,85,1,state-aware,3,2,,0.9824,0.9938,,0.8389,0.8584,,16,25,,ON
1790594115.086672,1,85,1,state-aware,3,1,,0.9632,0.9925,,0.8823,0.8461,,16,25,,ON
1790594116.6342952,6,90,1,state-aware,3,1,,0.9908,0.9932,,0.902,0.8466,,17,24,,ON
1790594117.4586973,9,91,1,state-aware,3,1,,0.9873,0.0,,0.8424,0.0914,,18,23,,ON
1790594119.4095974,7,87,1,state-aware,3,1,,0.9897,0.0,,0.8555,0.1943,,19,22,,ON
1790594121.1688287,4,92,1,state-aware,3,1,,0.9931,0.9914,,0.8943,0.8236,,20,21,,ON
1790594123.7333136,3,86,1,state-aware,3,1,,0.9794,0.0,,0.8828,0.144,,21,20,,OFF
1790594125.9274058,10,84,0,state-aware,3,2,,0.9305,0.9938,,0.8018,0.9041,,21,21,,OFF
1790594129.6164649,5,89,1,state-aware,3,2,,0.0,0.011,,0.0667,0.1995,,20,22,,OFF
1790594130.0816226,6,91,1,state-aware,3,1,,0.9195,0.9925,,0.8537,0.8461,,18,22,,OFF
1790594130.7119644,1,86,1,state-aware,3,2,,0.9938,0.9938,,0.8251,0.847,,18,23,,OFF
1790594131.706888,9,92,1,state-aware,3,1,,0.9924,0.9933,,0.8392,0.8009,,19,22,,OFF
1790594131.9309173,2,18,0,state-aware,3,2,,0.985,0.9861,,0.8875,0.9218,,19,23,,OFF
1790594132.7115598,7,88,1,state-aware,3,2,,0.9933,0.9855,,0.8518,0.8982,,17,24,,OFF
1790594133.7565286,4,93,1,state-aware,3,1,,0.9933,0.9937,,0.8581,0.8251,,18,24,,OFF
1790594135.9333925,8,86,0,state-aware,3,1,,0.9824,0.0004,,0.8389,0.1563,,17,24,,OFF
1790594136.2909036,10,85,1,state-aware,3,1,,0.9942,0.9942,,0.8473,0.8253,,18,24,,OFF
1790594136.6949587,3,87,1,state-aware,3,1,,0.9914,0.9877,,0.8567,0.7613,,18,24,,OFF
1790594142.8008964,2,19,1,state-aware,3,2,,0.9248,0.9932,,0.8374,0.8465,,18,22,,OFF
1790594144.0988648,5,90,1,state-aware,3,1,,0.9925,0.9933,,0.8938,0.7707,,19,21,,OFF
1790594144.8029706,9,93,1,state-aware,3,1,,0.9933,0.9925,,0.8483,0.8004,,20,21,,OFF
1790594146.1339445,8,87,1,state-aware,3,2,,0.9937,0.9939,,0.7651,0.7772,,20,21,,OFF
1790594147.1537778,1,87,1,state-aware,3,1,,0.9933,0.9938,,0.8248,0.7651,,20,21,,OFF
1790594147.9158454,4,94,1,state-aware,3,1,,0.9933,0.9925,,0.8518,0.8243,,21,20,,OFF
1790594148.4783351,7,89,1,state-aware,3,1,,0.9942,0.9912,,0.8523,0.8235,,22,20,,OFF
1790594148.9493666,6,92,0,state-aware,3,1,,0.9914,0.9915,,0.9042,0.8453,,22,20,,OFF
1790594150.1554523,10,86,1,state-aware,3,1,,0.9943,0.9942,,0.8405,0.8253,,23,20,,OFF
1790594150.9374409,3,88,1,state-aware,3,1,,0.9932,0.9896,,0.8518,0.7625,,24,20,,OFF
1790594156.1671393,2,20,1,state-aware,3,1,,0.9932,0.9925,,0.8943,0.8393,,24,16,,OFF
1790594157.589996,6,93,1,state-aware,3,2,,0.9899,0.9938,,0.813,0.847,,24,16,,OFF
1790594158.064131,5,91,1,state-aware,3,1,,0.9901,0.9938,,0.8558,0.771,,25,16,,OFF
1790594159.8429976,8,88,1,state-aware,3,2,,0.9925,0.9938,,0.7643,0.7889,,25,15,,OFF
1790594160.7728062,1,88,1,state-aware,3,1,,0.9925,0.9931,,0.8337,0.7647,,26,15,,OFF
1790594161.6643867,4,95,1,state-aware,3,1,,0.9933,0.9925,,0.8598,0.8243,,27,15,,OFF
1790594162.9608912,7,90,1,state-aware,3,1,,0.9942,0.9899,,0.8602,0.8227,,28,13,,ON
1790594162.96987,9,94,0,state-aware,3,1,,0.9925,0.9942,,0.8631,0.8016,,29,13,,ON
1790594163.7744904,3,89,1,state-aware,3,1,,0.9932,0.9911,,0.8597,0.7634,,29,13,,ON
1790594164.8871875,10,87,1,state-aware,3,1,,0.9901,0.9939,,0.8466,0.8252,,29,13,,ON
1790594171.3536568,5,92,1,state-aware,3,2,,0.0,0.0,,0.231,0.2741,,28,12,,ON
1790594173.2721672,9,95,1,state-aware,3,1,,0.7741,0.0,,0.6721,0.0914,,29,11,,OFF
1790594174.5974414,1,89,1,state-aware,3,1,,0.0,0.0,,0.3541,0.144,,30,10,,OFF
1790594175.7283168,7,91,1,state-aware,3,1,,0.9895,0.9899,,0.8719,0.8227,,30,10,,OFF
1790594175.9811318,2,21,0,state-aware,3,2,,0.0,0.0,,0.0914,0.219,,30,11,,OFF
1790594176.4711256,4,96,1,state-aware,3,1,,0.9937,0.9932,,0.874,0.8248,,31,11,,OFF
1790594178.3066401,3,90,1,state-aware,3,1,,0.9933,0.9899,,0.8738,0.7627,,30,11,,OFF
1790594178.9842517,8,89,0,state-aware,3,1,,0.9938,0.8545,,0.7651,0.7404,,31,11,,OFF
1790594178.9852796,6,94,0,state-aware,3,2,,0.2486,0.9938,,0.4424,0.7651,,31,12,,OFF
1790594181.0767694,10,88,1,state-aware,3,2,,0.9943,0.9925,,0.764,0.8243,,30,13,,OFF
1790594185.7541857,2,22,1,state-aware,3,1,,0.9266,0.9133,,0.7533,0.715,,29,13,,OFF
1790594186.1669338,9,96,1,state-aware,3,1,,0.9932,0.993,,0.8045,0.8007,,30,12,,OFF
1790594189.5874226,7,92,1,state-aware,3,1,,0.0008,0.0,,0.4386,0.204,,31,12,,OFF
1790594189.6229036,1,90,1,state-aware,3,1,,0.9922,0.9873,,0.8691,0.7611,,32,11,,OFF
1790594190.478562,4,97,1,state-aware,3,1,,0.9942,0.9924,,0.8901,0.8242,,32,11,,OFF
1790594191.8875232,3,91,1,state-aware,3,1,,0.9933,0.9914,,0.8897,0.7636,,32,10,,OFF
1790594191.990154,5,93,0,state-aware,3,2,,0.0,0.0,,0.231,0.2392,,32,10,,OFF
1790594193.7664263,10,89,1,state-aware,3,2,,0.9942,0.9942,,0.764,0.8346,,31,10,,OFF
1790594194.9926229,6,95,0,state-aware,3,1,,0.9887,0.9932,,0.8125,0.6883,,32,10,,OFF
1790594195.9944878,8,90,0,state-aware,3,2,,0.0,0.0,,0.1365,0.3131,,31,11,,OFF
1790594200.304972,2,23,1,state-aware,3,1,,0.9915,0.9916,,0.7907,0.7585,,30,11,,OFF
1790594202.3841157,7,93,1,state-aware,3,1,,0.9939,0.9915,,0.9057,0.8237,,31,11,,OFF
1790594202.5783153,9,97,1,state-aware,3,1,,0.9834,0.1768,,0.831,0.2177,,32,11,,OFF
1790594203.3751044,6,96,1,state-aware,3,1,,0.9924,0.9931,,0.7287,0.6882,,33,10,,OFF
1790594204.7402859,8,91,1,state-aware,3,2,,0.9916,0.9915,,0.6874,0.724,,32,11,,OFF
1790594205.1577911,3,92,1,state-aware,3,1,,0.9925,0.9852,,0.9051,0.7598,,32,11,,OFF
1790594206.3764198,4,98,1,state-aware,3,1,,0.9942,0.9913,,0.9058,0.8236,,33,10,,OFF
1790594208.0008852,5,94,0,state-aware,3,1,,0.8943,0.8689,,0.7899,0.5667,,32,10,,OFF
1790594209.003301,1,91,0,state-aware,3,1,,0.9915,0.9913,,0.8875,0.7636,,31,10,,OFF
1790594209.3527567,10,90,1,state-aware,3,1,,0.9938,0.9915,,0.7638,0.7498,,32,10,,OFF
1790594214.0160966,2,24,1,state-aware,3,1,,0.9915,0.9933,,0.8018,0.7595,,31,10,,OFF
1790594215.241438,7,94,1,state-aware,3,1,,0.9938,0.9938,,0.9202,0.8252,,32,10,,OFF
1790594215.9608846,5,95,1,state-aware,3,1,,0.8943,0.1396,,0.7159,0.2628,,33,10,,OFF
1790594216.6796522,6,97,1,state-aware,3,1,,0.9925,0.9933,,0.7677,0.6883,,33,10,,OFF
1790594218.3642936,1,92,1,state-aware,3,1,,0.99,0.9881,,0.7811,0.7616,,33,9,,OFF
1790594218.9488947,8,92,1,state-aware,3,2,,0.9944,0.9925,,0.689,0.764,,33,10,,OFF
1790594219.755279,3,93,1,state-aware,3,1,,0.9925,0.9925,,0.9197,0.7643,,34,10,,OFF
1790594220.1653397,4,99,1,state-aware,3,1,,0.9942,0.9914,,0.9203,0.8236,,35,9,,OFF
1790594223.8833416,10,91,1,state-aware,3,1,,0.9938,0.9925,,0.7937,0.7503,,31,9,,ON
1790594228.9675288,5,96,1,state-aware,3,1,,0.0,0.0,,0.2971,0.2046,,31,9,,ON
1790594229.2023687,6,98,1,state-aware,3,1,,0.8358,0.0008,,0.7434,0.137,,32,9,,ON
1790594230.6427004,9,99,1,state-aware,3,1,,0.9854,0.0,,0.8317,0.0914,,33,9,,ON
1790594232.8649673,1,93,1,state-aware,3,1,,0.9002,0.9881,,0.7847,0.7616,,34,8,,ON
1790594233.030966,2,25,0,state-aware,3,1,,0.3049,0.0041,,0.4784,0.2099,,35,8,,ON
1790594233.4724977,4,100,1,state-aware,3,1,,0.2431,0.0,,0.665,0.204,,35,8,,ON
1790594234.0327585,7,95,0,state-aware,3,1,,0.9853,0.9938,,0.93,0.8252,,36,8,,ON
1790594234.0900533,8,93,1,state-aware,3,1,,0.9915,0.9925,,0.6874,0.6775,,37,8,,ON
1790594238.0359108,3,94,0,state-aware,3,1,,0.9897,0.9925,,0.9316,0.7643,,35,7,,ON
1790594242.940962,7,96,1,state-aware,3,1,,0.1828,0.0,,0.5406,0.204,,34,5,,ON
1790594244.1327705,9,100,1,state-aware,3,1,,0.9925,0.145,,0.8614,0.195,,35,5,,ON
1790594245.49761,5,97,1,state-aware,3,1,,0.4675,0.0,,0.4718,0.2046,,36,5,,OFF
1790594245.5786617,6,99,1,state-aware,3,1,,0.0821,0.0,,0.382,0.1365,,37,5,,OFF
1790594246.039518,10,92,0,state-aware,3,2,,0.8333,0.9925,,0.6398,0.7503,,36,6,,OFF
1790594247.6305857,1,94,1,state-aware,3,2,,0.9895,0.99,,0.7141,0.7628,,35,7,,OFF
1790594248.034627,4,101,1,state-aware,3,1,,0.9941,0.9919,,0.9443,0.8239,,36,7,,OFF
1790594248.5091069,3,95,1,state-aware,3,1,,0.9937,0.9897,,0.8109,0.7626,,37,7,,OFF
1790594250.0821872,8,94,1,state-aware,3,2,,0.9942,0.9938,,0.62,0.678,,35,8,,OFF
1790594255.0083103,10,93,1,state-aware,3,1,,0.9933,0.9926,,0.7065,0.6729,,33,6,,OFF
1790594256.7263243,7,97,1,state-aware,3,1,,0.9944,0.9925,,0.8439,0.8243,,34,5,,OFF
1790594258.3772826,2,27,1,state-aware,3,1,,0.0,0.1734,,0.3259,0.304,,35,5,,OFF
1790594258.6640637,5,98,1,state-aware,3,1,,0.994,0.8943,,0.7527,0.5773,,36,5,,OFF
1790594260.371277,1,95,1,state-aware,3,2,,0.9915,0.9901,,0.7148,0.7755,,35,6,,OFF
1790594261.1326773,4,102,1,state-aware,3,1,,0.9938,0.99,,0.9538,0.8228,,36,6,,OFF
1790594263.074933,3,96,1,state-aware,3,1,,0.9933,0.9899,,0.8436,0.7627,,35,6,,OFF
1790594265.0493724,9,101,0,state-aware,3,1,,0.9925,0.9071,,0.7514,0.7394,,35,5,,OFF
1790594266.0766504,8,95,1,state-aware,3,1,,0.9915,0.9926,,0.6186,0.6017,,35,5,,OFF
1790594269.5555007,7,98,1,state-aware,3,1,,0.9941,0.9916,,0.8715,0.8237,,32,5,,OFF
1790594270.844227,10,94,1,state-aware,3,2,,0.9938,0.9925,,0.6292,0.6729,,32,6,,OFF
1790594271.803591,2,28,1,state-aware,3,1,,0.9924,0.9915,,0.8446,0.7585,,33,6,,OFF
1790594273.1362383,5,99,1,state-aware,3,1,,0.985,0.152,,0.7876,0.268,,34,6,,OFF
1790594276.0659456,3,97,1,state-aware,3,1,,0.9932,0.9894,,0.8713,0.7624,,32,6,,OFF
1790594279.2797446,8,96,1,state-aware,3,1,,0.9937,0.9943,,0.668,0.6023,,31,5,,OFF
1790594280.0586526,4,103,0,state-aware,3,1,,0.9458,0.1591,,0.9477,0.3034,,31,5,,OFF
1790594282.0614102,9,102,0,state-aware,3,2,,0.9871,0.9866,,0.6554,0.7962,,30,6,,OFF
1790594283.7888255,7,99,1,state-aware,3,1,,0.9942,0.9938,,0.8947,0.8251,,31,6,,OFF
1790594286.6462314,2,29,1,state-aware,3,1,,0.9925,0.9387,,0.7502,0.7291,,31,6,,OFF
1790594306.2001925,3,99,1,snr-greedy,3,1,,0.7415,0.9,,11.25,-999.0,,1,0,,ON
1790594306.5847929,4,105,1,snr-greedy,3,1,,0.9942,0.9,,13.25,-999.0,,2,0,,ON
1790594307.2947712,9,104,1,snr-greedy,3,2,,0.0,0.0,,5.0,5.5,,2,1,,ON
1790594307.3344727,8,98,1,snr-greedy,3,1,,0.9905,0.9,,13.25,-999.0,,3,1,,ON
1790594311.6140647,1,98,0,snr-greedy,3,1,,0.9878,0.0001,,12.5,5.0,,4,1,,ON
1790594312.1510417,7,101,1,snr-greedy,3,1,,0.9701,0.0,,10.75,3.0,,5,1,,ON
1790594312.6152394,6,103,0,snr-greedy,3,1,,0.9878,0.9,,12.5,-999.0,,6,1,,ON
1790594319.60303,3,100,1,snr-greedy,3,1,,0.0,0.0,,1.5,0.0,,7,1,,OFF
1790594320.7856746,4,106,1,snr-greedy,3,1,,0.8793,0.9,,11.5,-999.0,,8,1,,OFF
1790594322.6221502,2,31,0,snr-greedy,3,1,,0.9839,0.9,,12.0,-999.0,,9,1,,OFF
1790594322.6227884,8,99,1,snr-greedy,3,1,,0.9938,0.9914,,13.0,12.25,,10,1,,OFF
1790594323.6245484,10,97,0,snr-greedy,3,2,,0.0,0.3011,,2.25,9.75,,10,2,,OFF
1790594323.6256237,5,102,0,snr-greedy,3,1,,0.989,0.9,,12.75,-999.0,,11,2,,OFF
1790594324.819008,7,102,1,snr-greedy,3,1,,0.9938,0.9899,,13.0,12.0,,12,2,,OFF
1790594326.6277342,1,99,0,snr-greedy,3,1,,0.0,0.0,,1.75,1.0,,13,2,,OFF
1790594327.6309087,9,105,0,snr-greedy,3,1,,0.8804,0.8689,,12.75,12.5,,14,2,,OFF
1790594327.6324255,6,104,0,snr-greedy,3,2,,0.0056,0.047,,7.5,8.5,,14,3,,OFF
1790594332.621601,2,32,1,snr-greedy,3,2,,0.9925,0.9941,,12.5,13.25,,14,4,,OFF
1790594332.9055824,3,101,1,snr-greedy,3,1,,0.9933,0.9897,,12.75,12.0,,15,4,,OFF
1790594333.8692534,10,98,1,snr-greedy,3,1,,0.9933,0.9933,,12.75,12.75,,16,4,,OFF
1790594334.4615989,5,103,1,snr-greedy,3,1,,0.9936,0.8005,,13.0,9.5,,17,4,,OFF
1790594334.635917,4,107,1,snr-greedy,3,1,,0.9026,0.9878,,13.0,12.5,,18,4,,OFF
1790594336.0287244,1,100,1,snr-greedy,3,1,,0.9924,0.9925,,12.5,12.5,,19,4,,OFF
1790594336.5901384,8,100,1,snr-greedy,3,1,,0.9938,0.9931,,13.0,12.75,,20,4,,OFF
1790594337.3204026,6,105,1,snr-greedy,3,2,,0.9923,0.9931,,12.5,12.75,,20,5,,OFF
1790594338.124891,9,106,1,snr-greedy,3,1,,0.9152,0.9923,,13.25,12.5,,21,5,,OFF
1790594343.639457,7,103,0,snr-greedy,3,1,,0.9942,0.9925,,13.25,12.5,,22,5,,OFF
1790594346.6400707,2,33,1,snr-greedy,3,2,,0.9926,0.9933,,12.5,12.75,,22,6,,OFF
1790594348.4726195,3,102,1,snr-greedy,3,1,,0.9933,0.9876,,12.75,11.75,,23,6,,OFF
1790594348.5083175,5,104,1,snr-greedy,3,1,,0.9933,0.9933,,12.75,12.75,,24,6,,OFF
1790594348.9795325,4,108,1,snr-greedy,3,1,,0.9938,0.9915,,13.0,12.25,,25,6,,OFF
1790594350.358307,10,99,1,snr-greedy,3,1,,0.9885,0.9914,,13.0,12.25,,26,6,,OFF
1790594350.4126244,1,101,1,snr-greedy,3,2,,0.0,0.0,,-0.5,1.0,,26,7,,OFF
1790594350.923441,8,101,1,snr-greedy,3,1,,0.9942,0.9901,,13.25,12.0,,27,7,,OFF
1790594354.0044866,9,107,1,snr-greedy,3,2,,0.9916,0.9932,,12.25,12.75,,27,8,,OFF
1790594357.6439738,6,106,0,snr-greedy,3,2,,0.9925,0.9932,,12.5,12.75,,27,9,,OFF
1790594358.6457474,7,104,0,snr-greedy,3,1,,0.9938,0.9915,,13.0,12.25,,28,9,,OFF
1790594362.2381318,2,34,1,snr-greedy,3,2,,0.9932,0.9942,,12.75,13.25,,28,10,,ON
1790594362.8453996,5,105,1,snr-greedy,3,2,,0.017,0.9925,,8.0,12.5,,28,11,,ON
1790594363.6168697,8,102,1,snr-greedy,3,1,,0.0,0.0,,4.25,1.25,,29,11,,ON
1790594364.1855183,10,100,1,snr-greedy,3,2,,0.0,0.0,,4.0,4.25,,29,12,,ON
1790594364.6982253,4,109,1,snr-greedy,3,1,,0.9901,0.1612,,12.0,9.25,,30,12,,ON
1790594366.0120628,1,102,1,snr-greedy,3,2,,0.0008,0.0208,,6.5,7.5,,30,13,,ON
1790594367.532068,6,107,1,snr-greedy,3,1,,0.921,0.0,,10.0,-1.75,,28,12,,ON
1790594367.6486192,3,103,0,snr-greedy,3,2,,0.8386,0.9876,,9.75,11.75,,28,13,,ON
1790594368.3275332,9,108,1,snr-greedy,3,1,,0.9812,0.0,,11.25,4.75,,29,13,,ON
1790594369.087058,7,105,1,snr-greedy,3,1,,0.9933,0.9915,,12.75,12.25,,30,13,,ON
1790594377.398523,4,110,1,snr-greedy,3,1,,0.9926,0.1612,,12.5,9.25,,28,13,,OFF
1790594378.8349347,5,106,1,snr-greedy,3,2,,0.0,0.0,,-1.0,2.75,,28,14,,OFF
1790594379.1943104,10,101,1,snr-greedy,3,1,,0.991,0.0,,12.25,4.25,,29,14,,OFF
1790594380.05715,8,103,1,snr-greedy,3,1,,0.9933,0.0,,13.0,1.25,,29,14,,OFF
1790594380.8447018,6,108,1,snr-greedy,3,2,,0.9916,0.9916,,12.25,12.25,,28,15,,OFF
1790594381.4864805,1,103,1,snr-greedy,3,2,,0.9926,0.9926,,12.5,12.5,,28,16,,OFF
1790594382.7885509,9,109,1,snr-greedy,3,2,,0.0001,0.8542,,5.0,9.5,,26,17,,OFF
1790594383.196404,7,106,1,snr-greedy,3,1,,0.9932,0.9925,,12.75,12.5,,27,17,,OFF
1790594383.6539788,2,35,0,snr-greedy,3,2,,0.0,0.0,,2.5,4.5,,26,17,,OFF
1790594383.6549501,3,104,0,snr-greedy,3,2,,0.0,0.0,,3.0,3.0,,26,18,,OFF
1790594390.1811755,4,111,1,snr-greedy,3,1,,0.9942,0.9938,,13.25,13.0,,24,17,,OFF
1790594392.2116013,5,107,1,snr-greedy,3,1,,0.9938,0.9915,,13.0,12.25,,25,17,,OFF
1790594392.9113975,2,36,1,snr-greedy,3,2,,0.0,0.9896,,2.5,12.0,,24,17,,OFF
1790594392.9456422,10,102,1,snr-greedy,3,1,,0.0,0.0,,4.5,4.25,,25,17,,OFF
1790594393.4298642,3,105,1,snr-greedy,3,1,,0.9931,0.2172,,12.75,8.75,,26,17,,OFF
1790594394.4915464,6,109,1,snr-greedy,3,1,,0.9914,0.9914,,12.25,12.25,,25,17,,OFF
1790594395.672772,1,104,1,snr-greedy,3,2,,0.9915,0.9915,,12.25,12.25,,24,18,,OFF
1790594396.6346376,8,104,1,snr-greedy,3,2,,0.9915,0.9925,,12.25,12.5,,22,19,,OFF
1790594396.7559547,9,110,1,snr-greedy,3,2,,0.9922,0.9919,,12.5,12.5,,22,20,,OFF
1790594397.543433,7,107,1,snr-greedy,3,2,,0.99,0.9924,,12.0,12.5,,22,20,,OFF
1790594402.9127548,4,112,1,snr-greedy,3,1,,0.9933,0.9901,,12.75,12.0,,22,20,,OFF
1790594407.3631997,6,110,1,snr-greedy,3,1,,0.052,0.0,,7.25,2.25,,22,19,,ON
1790594407.8924217,5,108,1,snr-greedy,3,1,,0.9938,0.9915,,13.0,12.25,,23,19,,ON
1790594408.5270135,3,106,1,snr-greedy,3,2,,0.0,0.2172,,-0.5,8.75,,21,20,,ON
1790594409.64933,9,111,1,snr-greedy,3,1,,0.9933,0.9919,,13.0,12.5,,21,20,,ON
1790594410.3897183,7,108,1,snr-greedy,3,2,,0.0002,0.9924,,6.25,12.5,,20,21,,ON
1790594411.66358,10,103,0,snr-greedy,3,1,,0.0723,0.0,,8.75,4.25,,20,20,,ON
1790594412.665258,2,37,0,snr-greedy,3,2,,0.0,0.9899,,2.5,12.0,,20,21,,OFF
1790594415.6677704,1,105,0,snr-greedy,3,2,,0.0004,0.055,,5.5,7.25,,20,21,,OFF
1790594418.0170944,4,113,1,snr-greedy,3,1,,0.9943,0.9937,,13.5,13.0,,21,20,,OFF
1790594421.9243205,2,38,1,snr-greedy,3,1,,0.8887,0.9925,,13.0,12.5,,21,20,,OFF
1790594422.4044075,10,104,1,snr-greedy,3,2,,0.9933,0.9942,,12.75,13.25,,21,20,,OFF
1790594423.534741,5,109,1,snr-greedy,3,1,,0.9938,0.9938,,13.0,13.0,,22,19,,OFF
1790594424.3553095,3,107,1,snr-greedy,3,1,,0.0,0.0,,3.25,2.25,,22,18,,OFF
1790594424.8689322,9,112,1,snr-greedy,3,2,,0.9914,0.9938,,12.25,13.0,,21,19,,OFF
1790594425.5900955,8,106,1,snr-greedy,3,2,,0.9925,0.993,,12.5,12.75,,21,20,,OFF
1790594426.3065867,7,109,1,snr-greedy,3,1,,0.9916,0.9914,,12.25,12.25,,22,19,,OFF
1790594426.672368,6,111,0,snr-greedy,3,2,,0.8845,0.8887,,12.5,13.0,,22,20,,OFF
1790594427.0120115,1,106,1,snr-greedy,3,2,,0.9915,0.9925,,12.25,12.5,,22,21,,OFF
1790594431.5172734,4,114,1,snr-greedy,3,1,,0.9938,0.9916,,13.0,12.25,,20,20,,OFF
1790594435.324702,2,39,1,snr-greedy,3,1,,0.9938,0.9933,,13.0,12.75,,21,20,,OFF
1790594436.2431328,5,110,1,snr-greedy,3,1,,0.9942,0.9942,,13.25,13.25,,22,20,,OFF
1790594437.4811466,9,113,1,snr-greedy,3,2,,0.9925,0.9942,,12.5,13.25,,21,21,,OFF
1790594437.7693624,6,112,1,snr-greedy,3,2,,0.9896,0.9939,,12.0,13.25,,21,22,,OFF
1790594438.9786174,3,108,1,snr-greedy,3,1,,0.0,0.0,,3.25,2.25,,22,21,,OFF
1790594439.4133742,8,107,1,snr-greedy,3,1,,0.0,0.0,,1.0,0.25,,22,21,,OFF
1790594440.1156566,1,107,1,snr-greedy,3,1,,0.9914,0.9914,,12.25,12.25,,22,21,,OFF
1790594444.6792886,10,105,0,snr-greedy,3,2,,0.9915,0.9916,,12.25,12.25,,21,17,,OFF
1790594445.6810913,7,110,0,snr-greedy,3,1,,0.9932,0.9925,,12.75,12.5,,22,17,,OFF
1790594447.0507305,4,115,1,snr-greedy,3,1,,0.9941,0.9924,,13.25,12.5,,23,17,,OFF
1790594450.357024,2,40,1,snr-greedy,3,2,,0.0,0.9528,,1.5,12.25,,22,18,,OFF
1790594451.002211,9,114,1,snr-greedy,3,2,,0.9911,0.9937,,12.25,13.0,,22,19,,OFF
1790594453.0634942,10,106,1,snr-greedy,3,2,,0.9938,0.9942,,13.0,13.25,,20,19,,OFF
1790594454.004108,3,109,1,snr-greedy,3,1,,0.9861,0.9842,,12.5,12.25,,20,19,,OFF
1790594454.47601,7,111,1,snr-greedy,3,2,,0.011,0.9915,,7.75,12.25,,20,20,,OFF
1790594455.6957562,5,111,0,snr-greedy,3,2,,0.9705,0.9926,,10.75,12.5,,19,20,,OFF
1790594456.697757,6,113,0,snr-greedy,3,2,,0.9915,0.9938,,12.25,13.0,,19,20,,OFF
1790594459.7004893,8,108,0,snr-greedy,3,2,,0.8689,0.8887,,12.5,13.0,,19,19,,OFF
1790594460.7023103,1,108,0,snr-greedy,3,2,,0.9914,0.9924,,12.25,12.5,,19,20,,OFF
1790594461.0764718,4,116,1,snr-greedy,3,2,,0.9938,0.9942,,13.0,13.25,,19,21,,OFF
1790594463.1017268,2,41,1,snr-greedy,3,1,,0.994,0.9938,,13.25,13.0,,19,21,,OFF
1790594465.4412715,6,114,1,snr-greedy,3,2,,0.9882,0.9914,,11.75,12.25,,19,22,,OFF
1790594466.188812,10,107,1,snr-greedy,3,2,,0.9915,0.9933,,12.25,12.75,,19,23,,OFF
1790594466.8845801,5,112,1,snr-greedy,3,2,,0.8943,0.9942,,13.25,13.25,,19,24,,OFF
1790594467.6730082,9,115,1,snr-greedy,3,2,,0.9915,0.9915,,12.25,12.25,,18,25,,OFF
1790594468.211388,7,112,1,snr-greedy,3,1,,0.98,0.3386,,11.25,9.25,,18,25,,ON
1790594469.613338,1,109,1,snr-greedy,3,2,,0.9931,0.9932,,12.75,12.75,,18,25,,ON
1790594471.7083242,3,110,0,snr-greedy,3,1,,0.9922,0.9811,,12.5,11.25,,17,24,,ON
1790594473.7440236,4,117,1,snr-greedy,3,2,,0.9556,0.9942,,10.5,13.25,,17,24,,ON
1790594476.6222193,2,42,1,snr-greedy,3,2,,0.0,0.0,,2.25,4.0,,17,24,,ON
1790594478.3517768,6,115,1,snr-greedy,3,1,,0.3949,0.0,,9.0,2.0,,17,24,,ON
1790594480.21748,5,113,1,snr-greedy,3,1,,0.0,0.0,,1.5,1.25,,18,24,,ON
1790594481.1379998,7,113,1,snr-greedy,3,1,,0.7034,0.0016,,9.0,7.0,,19,24,,ON
1790594482.726335,3,111,1,snr-greedy,3,1,,0.243,0.0517,,8.0,7.25,,19,23,,ON
1790594483.6404831,9,116,1,snr-greedy,3,1,,0.9768,0.0,,11.0,4.0,,19,23,,ON
1790594484.6628807,1,110,1,snr-greedy,3,1,,0.9929,0.0002,,12.75,5.25,,19,23,,OFF
1790594489.7979462,4,118,1,snr-greedy,3,2,,0.9916,0.9926,,12.25,12.5,,18,20,,OFF
1790594491.2534342,2,43,1,snr-greedy,3,1,,0.9942,0.9933,,13.25,12.75,,19,20,,OFF
1790594492.9774244,6,116,1,snr-greedy,3,2,,0.9924,0.9937,,12.5,13.0,,18,21,,OFF
1790594495.0311725,5,114,1,snr-greedy,3,1,,0.9938,0.9914,,13.0,12.25,,19,21,,OFF
1790594495.4278882,7,114,1,snr-greedy,3,1,,0.9938,0.9925,,13.0,12.5,,19,21,,OFF
1790594496.0513482,3,112,1,snr-greedy,3,1,,0.9925,0.9872,,12.5,11.75,,20,21,,OFF
1790594497.834286,1,111,1,snr-greedy,3,1,,0.9938,0.9914,,13.0,12.25,,20,19,,OFF
1790594498.0919795,9,117,1,snr-greedy,3,2,,0.9925,0.9942,,12.5,13.25,,20,20,,OFF
1790594499.5410354,10,109,1,snr-greedy,3,2,,0.0,0.0,,3.25,4.5,,18,21,,OFF
1790594504.7412086,8,111,0,snr-greedy,3,2,,0.9912,0.994,,12.25,13.25,,17,21,,OFF
1790594505.2818043,2,44,1,snr-greedy,3,2,,0.9888,0.9938,,12.75,13.0,,17,22,,OFF
1790594509.250477,6,117,1,snr-greedy,3,2,,0.9925,0.9925,,12.5,12.5,,15,23,,OFF
1790594509.6470537,7,115,1,snr-greedy,3,2,,0.017,0.9913,,8.0,12.25,,15,24,,OFF
1790594510.7460854,4,119,0,snr-greedy,3,1,,0.9942,0.9925,,13.25,12.5,,16,23,,OFF
1790594511.4047956,5,115,1,snr-greedy,3,1,,0.9933,0.0,,12.75,2.0,,17,22,,OFF
1790594512.1499972,10,110,1,snr-greedy,3,1,,0.9943,0.9932,,13.5,12.75,,18,22,,OFF
1790594513.3022697,1,112,1,snr-greedy,3,1,,0.9933,0.9913,,12.75,12.25,,19,21,,OFF
1790594514.4033263,8,112,1,snr-greedy,3,2,,0.9916,0.9915,,12.25,12.25,,18,22,,OFF
1790594516.750582,3,113,0,snr-greedy,3,1,,0.9901,0.9898,,12.0,12.0,,19,19,,OFF
1790594516.751536,9,118,0,snr-greedy,3,2,,0.9915,0.9926,,12.25,12.5,,19,20,,OFF
1790594519.3007581,2,45,1,snr-greedy,3,2,,0.9925,0.9938,,12.5,13.0,,19,21,,OFF
1790594521.2900789,4,120,1,snr-greedy,3,1,,0.9938,0.9924,,13.0,12.5,,20,18,,OFF
1790594522.5103734,7,116,1,snr-greedy,3,1,,0.9938,0.9933,,13.0,12.75,,21,18,,ON
1790594525.802604,10,111,1,snr-greedy,3,2,,0.0,0.9903,,1.25,12.25,,20,18,,ON
1790594525.8264782,5,116,1,snr-greedy,3,1,,0.9937,0.1528,,13.0,8.0,,21,18,,ON
1790594526.229593,9,119,1,snr-greedy,3,1,,0.9914,0.0,,12.25,1.75,,22,17,,ON
1790594527.2677221,8,113,1,snr-greedy,3,1,,0.991,0.9915,,12.5,12.25,,23,16,,ON
1790594527.7628603,6,118,0,snr-greedy,3,2,,0.9915,0.9933,,12.25,12.75,,23,16,,ON
1790594528.7952976,1,113,1,snr-greedy,3,1,,0.6102,0.4872,,8.75,8.5,,23,16,,ON
1790594531.7659373,3,114,0,snr-greedy,3,2,,0.0,0.9898,,-0.25,12.0,,22,16,,OFF
1790594532.3239331,2,46,1,snr-greedy,3,1,,0.0,0.0,,4.25,0.5,,23,16,,OFF
1790594534.169612,4,121,1,snr-greedy,3,1,,0.9822,0.0,,11.25,4.75,,24,15,,OFF
1790594535.4804318,7,117,1,snr-greedy,3,1,,0.9942,0.9925,,13.25,12.5,,25,15,,OFF
1790594556.139944,3,116,1,round-robin,3,1,,0.8991,0.0002,,nan,nan,,1,0,,OFF
1790594557.6894178,5,118,1,round-robin,3,1,,0.9915,0.9933,,nan,nan,,2,0,,OFF
1790594558.9059324,1,115,1,round-robin,3,1,,0.9942,0.9899,,nan,nan,,3,0,,OFF
1790594559.5226736,8,115,1,round-robin,3,1,,0.9931,0.9937,,nan,nan,,4,0,,OFF
1790594561.2778342,9,121,0,round-robin,3,1,,0.9904,0.9,,nan,nan,,5,0,,OFF
1790594561.2785485,2,48,1,round-robin,3,1,,0.9942,0.9925,,nan,nan,,6,0,,OFF
1790594566.2325325,7,119,1,round-robin,3,1,,0.8535,0.8535,,nan,nan,,7,0,,OFF
1790594568.8473911,6,121,1,round-robin,3,1,,0.9913,0.9938,,nan,nan,,8,0,,OFF
1790594570.4065025,3,117,1,round-robin,3,2,,0.9875,0.482,,nan,nan,,8,1,,OFF
1790594571.2830102,4,123,0,round-robin,3,1,,0.9878,0.9809,,nan,nan,,9,1,,ON
1790594571.6532545,1,116,1,round-robin,3,2,,0.9933,0.9937,,nan,nan,,9,2,,ON
1790594572.481681,9,122,1,round-robin,3,2,,0.9932,0.9931,,nan,nan,,9,3,,ON
1790594572.8402264,8,116,1,round-robin,3,2,,0.9915,0.9916,,nan,nan,,9,4,,ON
1790594574.1742773,5,119,1,round-robin,3,2,,0.0,0.9933,,nan,nan,,9,5,,ON
1790594576.286943,10,114,0,round-robin,3,1,,0.9911,0.9923,,nan,nan,,10,5,,ON
1790594579.8985062,7,120,1,round-robin,3,2,,0.9785,0.8535,,nan,nan,,10,6,,ON
1790594582.0938504,4,124,1,round-robin,3,2,,0.9915,0.9809,,nan,nan,,10,7,,ON
1790594582.8231757,6,122,1,round-robin,3,2,,0.0098,0.0,,nan,nan,,10,8,,ON
1790594583.4228656,3,118,1,round-robin,3,1,,0.0,0.0,,nan,nan,,11,8,,ON
1790594586.7060435,1,117,1,round-robin,3,1,,0.807,0.9937,,nan,nan,,12,8,,ON
1790594587.1325903,9,123,1,round-robin,3,1,,0.9929,0.9931,,nan,nan,,13,8,,ON
1790594591.290876,10,115,0,round-robin,3,2,,0.0004,0.9923,,nan,nan,,13,9,,OFF
1790594595.893153,7,121,1,round-robin,3,1,,0.9924,0.9924,,nan,nan,,14,9,,OFF
1790594596.2934473,2,50,0,round-robin,3,2,,0.0,0.0,,nan,nan,,14,10,,OFF
1790594596.2944586,8,117,0,round-robin,3,1,,0.0,0.055,,nan,nan,,15,10,,OFF
1790594596.2951643,5,120,0,round-robin,3,1,,0.8535,0.9933,,nan,nan,,16,10,,OFF
1790594597.5645566,6,123,1,round-robin,3,1,,0.9896,0.9911,,nan,nan,,17,10,,OFF
1790594597.9754388,4,125,1,round-robin,3,1,,0.9939,0.9909,,nan,nan,,18,10,,OFF
1790594600.428577,9,124,1,round-robin,3,2,,0.9938,0.9932,,nan,nan,,18,11,,OFF
1790594601.6444569,10,116,1,round-robin,3,1,,0.9941,0.9932,,nan,nan,,19,11,,OFF
1790594603.2984517,3,119,0,round-robin,3,2,,0.8689,0.7324,,nan,nan,,19,12,,OFF
1790594603.4930604,8,118,1,round-robin,3,2,,0.9932,0.9932,,nan,nan,,19,13,,OFF
1790594604.694087,2,51,1,round-robin,3,1,,0.9932,0.9942,,nan,nan,,20,13,,OFF
1790594605.3250957,5,121,1,round-robin,3,2,,0.9943,0.9943,,nan,nan,,20,14,,OFF
1790594607.303904,1,118,0,round-robin,3,2,,0.9825,0.9938,,nan,nan,,20,15,,OFF
1790594608.7874088,7,122,1,round-robin,3,2,,0.9915,0.9942,,nan,nan,,20,16,,OFF
1790594610.8671122,6,124,1,round-robin,3,2,,0.9924,0.9933,,nan,nan,,20,17,,OFF
1790594612.5153823,4,126,1,round-robin,3,2,,0.9926,0.99,,nan,nan,,20,18,,OFF
1790594613.6169567,3,120,1,round-robin,3,1,,0.9937,0.0,,nan,nan,,21,18,,OFF
1790594615.6517124,9,125,1,round-robin,3,1,,0.9933,0.9933,,nan,nan,,22,18,,OFF
1790594616.778247,10,117,1,round-robin,3,2,,0.9925,0.9915,,nan,nan,,21,19,,OFF
1790594617.5855346,8,119,1,round-robin,3,1,,0.9924,0.9933,,nan,nan,,22,19,,OFF
1790594618.4082658,1,119,1,round-robin,3,1,,0.9924,0.9924,,nan,nan,,22,19,,OFF
1790594619.1405084,2,52,1,round-robin,3,2,,0.9938,0.9925,,nan,nan,,21,20,,OFF
1790594620.2861085,5,122,1,round-robin,3,1,,0.9926,0.9942,,nan,nan,,21,20,,OFF
1790594622.348958,7,123,1,round-robin,3,1,,0.9901,0.99,,nan,nan,,20,20,,OFF
1790594624.0406704,6,125,1,round-robin,3,1,,0.9914,0.9938,,nan,nan,,21,20,,OFF
1790594626.8118927,3,121,1,round-robin,3,2,,0.9932,0.1129,,nan,nan,,20,21,,OFF
1790594627.6557868,4,127,1,round-robin,3,1,,0.9933,0.9881,,nan,nan,,21,21,,OFF
1790594628.4904752,9,126,1,round-robin,3,2,,0.9925,0.9915,,nan,nan,,21,22,,OFF
1790594631.0234854,10,118,1,round-robin,3,1,,0.9941,0.9943,,nan,nan,,21,21,,OFF
1790594631.8430521,8,120,1,round-robin,3,2,,0.9933,0.9933,,nan,nan,,20,21,,ON
1790594632.3765717,2,53,1,round-robin,3,1,,0.9915,0.9926,,nan,nan,,21,21,,ON
1790594633.0730398,1,120,1,round-robin,3,2,,0.9932,0.9913,,nan,nan,,21,20,,ON
1790594634.9054828,5,123,1,round-robin,3,2,,0.0016,0.1614,,nan,nan,,21,20,,ON
1790594636.0202076,7,124,1,round-robin,3,2,,0.9822,0.99,,nan,nan,,21,21,,ON
1790594638.5079951,6,126,1,round-robin,3,2,,0.4014,0.0,,nan,nan,,20,22,,ON
1790594641.5630891,3,122,1,round-robin,3,1,,0.6813,0.1129,,nan,nan,,21,21,,ON
1790594641.6902847,4,128,1,round-robin,3,2,,0.979,0.0,,nan,nan,,21,22,,ON
1790594643.5320714,9,127,1,round-robin,3,1,,0.9926,0.9925,,nan,nan,,21,20,,ON
1790594645.643592,10,119,1,round-robin,3,2,,0.9694,0.9943,,nan,nan,,21,21,,ON
1790594647.952293,8,121,1,round-robin,3,1,,0.0,0.9933,,nan,nan,,20,21,,ON
1790594648.5266345,1,121,1,round-robin,3,1,,0.981,0.9913,,nan,nan,,21,21,,ON
1790594651.729824,5,124,1,round-robin,3,1,,0.9893,0.1614,,nan,nan,,22,20,,OFF
1790594652.099135,7,125,1,round-robin,3,1,,0.9772,0.9453,,nan,nan,,23,20,,OFF
1790594653.4488018,6,127,1,round-robin,3,1,,0.9924,0.9938,,nan,nan,,24,20,,OFF
1790594655.3104515,3,123,1,round-robin,3,2,,0.9925,0.9804,,nan,nan,,24,21,,OFF
1790594657.9426434,4,129,1,round-robin,3,1,,0.9942,0.9925,,nan,nan,,21,20,,OFF
1790594659.7032092,10,120,1,round-robin,3,1,,0.9928,0.0,,nan,nan,,21,20,,OFF
1790594663.16606,8,122,1,round-robin,3,2,,0.9938,0.9938,,nan,nan,,20,20,,OFF
1790594665.0170467,7,126,1,round-robin,3,2,,0.9914,0.9931,,nan,nan,,19,19,,OFF
1790594665.336367,9,128,0,round-robin,3,2,,0.9925,0.9938,,nan,nan,,19,19,,OFF
1790594665.5232859,1,122,1,round-robin,3,2,,0.8554,0.8887,,nan,nan,,19,20,,OFF
1790594666.250677,5,125,1,round-robin,3,2,,0.9938,0.9938,,nan,nan,,19,21,,OFF
1790594667.2919106,6,128,1,round-robin,3,2,,0.9933,0.9932,,nan,nan,,19,22,,OFF
1790594668.3898861,3,124,1,round-robin,3,1,,0.9933,0.9896,,nan,nan,,20,21,,OFF
1790594669.3384979,2,55,0,round-robin,3,2,,0.9937,0.0,,nan,nan,,20,21,,OFF
1790594672.8135502,4,130,1,round-robin,3,2,,0.9933,0.9901,,nan,nan,,20,20,,OFF
1790594675.1413004,10,121,1,round-robin,3,2,,0.9933,0.9916,,nan,nan,,19,21,,OFF
1790594675.888796,9,129,1,round-robin,3,1,,0.9933,0.9938,,nan,nan,,19,21,,OFF
1790594677.4382038,8,123,1,round-robin,3,1,,0.9901,0.9915,,nan,nan,,20,20,,OFF
1790594679.7686439,5,126,1,round-robin,3,1,,0.0,0.9706,,nan,nan,,19,19,,OFF
1790594680.3561573,7,127,1,round-robin,3,1,,0.9932,0.9914,,nan,nan,,19,19,,OFF
1790594680.608536,2,56,1,round-robin,3,1,,0.9447,0.9925,,nan,nan,,20,19,,OFF
1790594682.7490754,3,125,1,round-robin,3,2,,0.9925,0.9873,,nan,nan,,19,20,,OFF
1790594685.3469446,1,123,0,round-robin,3,1,,0.9922,0.9924,,nan,nan,,19,20,,OFF
1790594686.3476923,6,129,0,round-robin,3,1,,0.9926,0.9933,,nan,nan,,20,20,,OFF
1790594686.6048741,4,131,1,round-robin,3,1,,0.9937,0.9925,,nan,nan,,21,20,,OFF
1790594688.2901123,10,122,1,round-robin,3,1,,0.9933,0.0252,,nan,nan,,21,19,,OFF
1790594688.8904939,9,130,1,round-robin,3,2,,0.9915,0.9915,,nan,nan,,21,19,,OFF
1790594694.0777905,2,57,1,round-robin,3,2,,0.9911,0.9908,,nan,nan,,19,18,,OFF
1790594695.1810465,7,128,1,round-robin,3,2,,0.0082,0.9942,,nan,nan,,19,18,,ON
1790594695.2023246,5,127,1,round-robin,3,2,,0.0,0.0488,,nan,nan,,19,19,,ON
1790594695.415055,1,124,1,round-robin,3,2,,0.9926,0.9933,,nan,nan,,19,20,,ON
1790594696.4305863,6,130,1,round-robin,3,2,,0.9914,0.9943,,nan,nan,,19,20,,ON
1790594698.5302088,3,126,1,round-robin,3,1,,0.96,0.9873,,nan,nan,,20,19,,ON
1790594699.9500644,4,132,1,round-robin,3,2,,0.9924,0.9925,,nan,nan,,20,20,,ON
1790594700.3526025,8,124,0,round-robin,3,2,,0.9915,0.9932,,nan,nan,,20,21,,ON
1790594701.7560565,10,123,1,round-robin,3,2,,0.002,0.7381,,nan,nan,,19,21,,ON
1790594702.5232973,9,131,1,round-robin,3,1,,0.9944,0.9915,,nan,nan,,20,21,,ON
1790594708.515192,5,128,1,round-robin,3,1,,0.0,0.0,,nan,nan,,19,20,,ON
1790594710.0855217,7,129,1,round-robin,3,1,,0.8095,0.9942,,nan,nan,,19,20,,OFF
1790594711.638239,8,125,1,round-robin,3,1,,0.9312,0.9932,,nan,nan,,20,20,,OFF
1790594711.6669633,6,131,1,round-robin,3,1,,0.0,0.9943,,nan,nan,,21,20,,OFF
1790594711.696102,1,125,1,round-robin,3,1,,0.0,0.0,,nan,nan,,22,20,,OFF
1790594715.3140988,10,124,1,round-robin,3,1,,0.9938,0.9932,,nan,nan,,20,19,,OFF
1790594716.1270955,4,133,1,round-robin,3,1,,0.9938,0.9924,,nan,nan,,21,19,,OFF
1790594719.0746875,9,132,1,round-robin,3,2,,0.9915,0.9933,,nan,nan,,20,20,,OFF
1790594721.4717731,5,129,1,round-robin,3,2,,0.9942,0.9932,,nan,nan,,19,21,,OFF
1790594723.175268,7,130,1,round-robin,3,2,,0.9915,0.9926,,nan,nan,,19,21,,OFF
1790594723.8976805,2,59,1,round-robin,3,1,,0.9937,0.9925,,nan,nan,,20,21,,OFF
1790594726.1990204,6,132,1,round-robin,3,2,,0.854,0.9939,,nan,nan,,20,19,,OFF
1790594726.6916592,3,128,1,round-robin,3,2,,0.9933,0.9876,,nan,nan,,20,19,,OFF
1790594729.555014,10,125,1,round-robin,3,2,,0.9936,0.9926,,nan,nan,,19,18,,OFF
1790594730.5371764,4,134,1,round-robin,3,2,,0.9925,0.9915,,nan,nan,,19,19,,OFF
1790594731.3692389,8,126,0,round-robin,3,2,,0.9914,0.9938,,nan,nan,,19,20,,ON
1790594731.370017,1,126,0,round-robin,3,2,,0.0,0.0,,nan,nan,,19,21,,ON
1790594733.1175077,9,133,1,round-robin,3,1,,0.9933,0.9933,,nan,nan,,20,20,,ON
1790594735.2422462,5,130,1,round-robin,3,1,,0.0,0.6601,,nan,nan,,21,19,,ON
1790594738.9471214,7,131,1,round-robin,3,1,,0.3876,0.0,,nan,nan,,20,19,,ON
1790594740.0728786,3,129,1,round-robin,3,1,,0.9743,0.9876,,nan,nan,,20,19,,ON
1790594741.3256905,1,127,1,round-robin,3,1,,0.0,0.0,,nan,nan,,19,19,,ON
1790594743.6384432,6,133,1,round-robin,3,1,,0.9942,0.0001,,nan,nan,,20,18,,ON
1790594744.2199013,4,135,1,round-robin,3,1,,0.4877,0.0,,nan,nan,,21,18,,ON
1790594746.378264,8,127,0,round-robin,3,1,,0.0,0.0,,nan,nan,,20,18,,ON
1790594747.842793,9,134,1,round-robin,3,2,,0.9938,0.0,,nan,nan,,19,19,,ON
1790594751.2722704,5,131,1,round-robin,3,2,,0.9922,0.9942,,nan,nan,,18,19,,OFF
1790594752.1677725,7,132,1,round-robin,3,2,,0.9925,0.9932,,nan,nan,,18,20,,OFF
1790594754.9617112,2,61,1,round-robin,3,2,,0.0002,0.9915,,nan,nan,,18,20,,OFF
1790594756.5887277,1,128,1,round-robin,3,2,,0.0,0.0,,nan,nan,,18,17,,OFF
1790594757.0765495,4,136,1,round-robin,3,2,,0.9938,0.9928,,nan,nan,,18,18,,OFF
1790594760.2311451,10,127,1,round-robin,3,1,,0.9926,0.9941,,nan,nan,,18,17,,OFF
1790594760.3857615,3,130,0,round-robin,3,2,,0.9925,0.9591,,nan,nan,,18,17,,OFF
1790594762.38844,8,128,0,round-robin,3,2,,0.8535,0.8943,,nan,nan,,18,17,,OFF
1790594764.124839,9,135,1,round-robin,3,1,,0.9925,0.9925,,nan,nan,,18,17,,OFF
1790594765.8764217,5,132,1,round-robin,3,1,,0.9942,0.9915,,nan,nan,,19,17,,OFF
1790594766.7084239,7,133,1,round-robin,3,1,,0.9944,0.1661,,nan,nan,,20,17,,OFF
1790594768.758615,2,62,1,round-robin,3,1,,0.9915,0.9933,,nan,nan,,20,17,,OFF
1790594770.1716747,1,129,1,round-robin,3,1,,0.0,0.9914,,nan,nan,,20,17,,ON
1790594770.591719,3,131,1,round-robin,3,1,,0.9916,0.0,,nan,nan,,21,17,,ON
1790594771.6026993,8,129,1,round-robin,3,1,,0.9925,0.9932,,nan,nan,,22,17,,ON
1790594772.4317214,6,135,1,round-robin,3,2,,0.0954,0.0,,nan,nan,,19,18,,ON
1790594773.4449577,4,137,1,round-robin,3,1,,0.9461,0.0,,nan,nan,,20,18,,ON
1790594778.5946188,9,136,1,round-robin,3,2,,0.9881,0.9925,,nan,nan,,18,19,,ON
1790594778.9700246,5,133,1,round-robin,3,2,,0.7756,0.9915,,nan,nan,,18,20,,ON
1790594779.889466,7,134,1,round-robin,3,2,,0.9654,0.1661,,nan,nan,,18,20,,ON
1790594783.6993263,2,63,1,round-robin,3,2,,0.0,0.0,,nan,nan,,18,19,,OFF
1790594784.512397,3,132,1,round-robin,3,2,,0.0,0.0,,nan,nan,,17,20,,OFF
1790594785.0131218,1,130,1,round-robin,3,2,,0.0157,0.8022,,nan,nan,,17,21,,OFF
1790594786.3611124,8,130,1,round-robin,3,2,,0.9938,0.9932,,nan,nan,,17,21,,OFF
1790594787.1788514,4,138,1,round-robin,3,2,,0.9938,0.9913,,nan,nan,,17,21,,OFF
1790594806.2203038,10,130,1,snr-greedy,4,2,,0.1935,0.9323,,9.0,10.25,,0,1,,OFF
1790594808.8989904,5,135,1,snr-greedy,4,1,,0.9942,0.9938,,13.25,13.0,,1,1,,OFF
1790594811.1312525,7,136,1,snr-greedy,4,2,,0.9915,0.9933,,12.25,12.75,,1,2,,OFF
1790594811.9436936,9,138,0,snr-greedy,4,1,,0.9908,0.9878,,13.5,12.5,,2,2,,OFF
1790594812.8095942,2,65,1,snr-greedy,4,2,,0.9938,0.9938,,13.0,13.0,,2,3,,OFF
1790594813.2174215,1,132,1,snr-greedy,4,1,,0.9924,0.9924,,12.5,12.5,,3,3,,OFF
1790594813.836609,3,134,1,snr-greedy,4,1,,0.9925,0.9812,,12.5,11.25,,4,3,,OFF
1790594815.850927,8,132,1,snr-greedy,4,2,,0.9901,0.9925,,12.0,12.5,,4,4,,OFF
1790594816.6698477,4,140,1,snr-greedy,4,1,,0.9938,0.9915,,13.0,12.25,,5,4,,OFF
1790594819.331387,6,138,1,snr-greedy,4,2,,0.9924,0.9938,,12.5,13.0,,5,5,,OFF
1790594820.5611775,10,131,1,snr-greedy,4,1,,0.9938,0.9933,,13.0,12.75,,6,5,,OFF
1790594821.7858953,9,139,1,snr-greedy,4,2,,0.9932,0.9938,,12.75,13.0,,6,6,,OFF
1790594822.426457,5,136,1,snr-greedy,4,1,,0.9938,0.9915,,13.0,12.25,,7,6,,OFF
1790594823.7433147,7,137,1,snr-greedy,4,2,,0.9925,0.9937,,12.5,13.0,,7,7,,OFF
1790594827.0163145,3,135,1,snr-greedy,4,1,,0.9926,0.9881,,12.5,11.75,,8,7,,OFF
1790594829.784596,1,133,1,snr-greedy,4,1,,0.9938,0.9925,,13.0,12.5,,9,7,,ON
1790594830.8570826,4,141,1,snr-greedy,4,2,,0.8669,0.9922,,10.0,12.5,,9,8,,ON
1790594831.0299726,8,133,1,snr-greedy,4,2,,0.9932,0.9867,,12.75,12.75,,9,9,,ON
1790594832.0652964,6,139,1,snr-greedy,4,1,,0.0926,0.0,,8.25,0.0,,10,9,,ON
1790594832.947912,2,66,0,snr-greedy,4,1,,0.9938,0.9916,,13.0,12.25,,11,9,,ON
1790594834.5175772,9,140,1,snr-greedy,4,2,,0.9938,0.9938,,13.0,13.0,,11,10,,ON
1790594837.2007895,5,137,1,snr-greedy,4,1,,0.0029,0.0,,7.25,-0.25,,12,10,,ON
1790594838.7037055,7,138,1,snr-greedy,4,1,,0.6027,0.0761,,8.75,7.5,,13,10,,ON
1790594841.5363827,3,136,1,snr-greedy,4,1,,0.9915,0.9881,,12.25,11.75,,14,10,,ON
1790594844.9247313,1,134,1,snr-greedy,4,1,,0.9941,0.9914,,13.25,12.25,,15,10,,OFF
1790594845.9648254,6,140,1,snr-greedy,4,2,,0.9924,0.9942,,12.5,13.25,,15,11,,OFF
1790594846.5949583,4,142,1,snr-greedy,4,2,,0.8793,0.9901,,10.0,12.0,,15,12,,OFF
1790594846.6925678,8,134,1,snr-greedy,4,2,,0.9901,0.9911,,12.0,12.25,,15,13,,OFF
1790594848.967318,2,67,0,snr-greedy,4,1,,0.0,0.0,,3.25,0.5,,16,13,,OFF
1790594850.2557893,9,141,1,snr-greedy,4,2,,0.9901,0.9938,,12.0,13.0,,16,14,,OFF
1790594850.8045077,10,133,1,snr-greedy,4,2,,0.9933,0.9938,,12.75,13.0,,16,15,,OFF
1790594851.7946558,5,138,1,snr-greedy,4,1,,0.9938,0.9938,,13.0,13.0,,17,15,,OFF
1790594852.8169608,7,139,1,snr-greedy,4,1,,0.9943,0.0095,,13.5,7.75,,18,15,,OFF
1790594855.669053,3,137,1,snr-greedy,4,1,,0.9926,0.9274,,12.5,10.25,,19,15,,OFF
1790594859.1709301,2,68,1,snr-greedy,4,1,,0.9938,0.9933,,13.0,12.75,,20,15,,OFF
1790594861.5424733,1,135,1,snr-greedy,4,1,,0.9942,0.9924,,13.25,12.5,,21,15,,OFF
1790594861.9683504,6,141,1,snr-greedy,4,2,,0.9924,0.9932,,12.5,12.75,,21,16,,OFF
1790594862.4784546,4,143,1,snr-greedy,4,2,,0.9933,0.9937,,12.75,13.0,,21,17,,OFF
1790594862.941047,9,142,1,snr-greedy,4,1,,0.9658,0.0029,,10.75,7.25,,22,17,,OFF
1790594864.6900327,5,139,1,snr-greedy,4,1,,0.9941,0.9938,,13.25,13.0,,23,17,,OFF
1790594865.4543993,10,134,1,snr-greedy,4,1,,0.9933,0.9925,,12.75,12.5,,24,17,,OFF
1790594867.7604015,7,140,1,snr-greedy,4,2,,0.9937,0.9938,,13.0,13.0,,24,17,,OFF
1790594870.2177186,3,138,1,snr-greedy,4,1,,0.9916,0.9851,,12.25,11.5,,24,17,,OFF
1790594870.9735537,8,135,0,snr-greedy,4,2,,0.9924,0.9924,,12.5,12.5,,24,18,,OFF
1790594875.1713605,2,69,1,snr-greedy,4,2,,0.9932,0.9937,,12.75,13.0,,21,17,,OFF
1790594877.8378386,6,142,1,snr-greedy,4,2,,0.9925,0.9932,,12.5,12.75,,20,17,,OFF
1790594878.520967,8,136,1,snr-greedy,4,1,,0.9877,0.9438,,11.75,10.25,,21,17,,OFF
1790594879.0234528,5,140,1,snr-greedy,4,1,,0.9938,0.9937,,13.0,13.0,,22,17,,OFF
1790594880.086254,10,135,1,snr-greedy,4,2,,0.9942,0.9944,,13.25,13.5,,22,17,,ON
1790594881.9776366,1,136,0,snr-greedy,4,2,,0.9933,0.9941,,12.75,13.25,,21,17,,ON
1790594881.9783306,9,143,0,snr-greedy,4,1,,0.8797,0.0,,9.75,-0.25,,22,17,,ON
1790594882.101435,7,141,1,snr-greedy,4,2,,0.9938,0.9942,,13.0,13.25,,22,18,,ON
1790594882.9810715,4,144,0,snr-greedy,4,1,,0.9885,0.977,,13.0,12.0,,22,18,,ON
1790594884.2860355,3,139,1,snr-greedy,4,2,,0.0,0.9851,,5.75,11.5,,22,18,,ON
1790594887.9306064,2,70,1,snr-greedy,4,2,,0.0,0.0,,2.5,3.0,,21,19,,ON
1790594891.551581,8,137,1,snr-greedy,4,1,,0.9862,0.9438,,12.5,10.25,,21,17,,ON
1790594892.9629068,4,145,1,snr-greedy,4,1,,0.0104,0.0,,7.75,0.25,,20,17,,ON
1790594896.9861894,9,144,0,snr-greedy,4,1,,0.9867,0.0,,12.5,-0.25,,21,16,,ON
1790594897.9875212,6,143,0,snr-greedy,4,2,,0.9603,0.9932,,10.5,12.75,,20,17,,ON
1790594897.9881501,1,137,0,snr-greedy,4,2,,0.0723,0.9941,,8.75,13.25,,20,18,,ON
1790594898.4842389,7,142,1,snr-greedy,4,2,,0.9933,0.9942,,12.75,13.25,,20,19,,OFF
1790594898.9899714,5,141,0,snr-greedy,4,2,,0.9918,0.9937,,12.5,13.0,,19,20,,OFF
1790594900.3515866,3,140,1,snr-greedy,4,1,,0.9741,0.9851,,12.5,11.5,,20,20,,OFF
1790594904.4229527,2,71,1,snr-greedy,4,2,,0.9925,0.9942,,12.5,13.25,,19,21,,OFF
1790594908.1236002,10,137,1,snr-greedy,4,2,,0.9926,0.9933,,12.5,12.75,,18,19,,OFF
1790594909.0290794,1,138,1,snr-greedy,4,2,,0.8804,0.8888,,12.75,13.0,,17,20,,OFF
1790594912.113189,7,143,1,snr-greedy,4,2,,0.9925,0.9926,,12.5,12.5,,16,19,,OFF
1790594913.0068805,4,146,0,snr-greedy,4,1,,0.0,0.0,,4.0,1.5,,16,19,,OFF
1790594914.008841,5,142,0,snr-greedy,4,1,,0.9925,0.9926,,12.5,12.5,,17,19,,OFF
1790594914.7073631,3,141,1,snr-greedy,4,1,,0.9901,0.4134,,12.0,9.75,,18,19,,OFF
1790594918.6919734,2,72,1,snr-greedy,4,1,,0.9932,0.9933,,12.75,12.75,,18,19,,OFF
1790594921.8639293,1,139,1,snr-greedy,4,2,,0.0,0.9872,,2.25,12.5,,16,20,,OFF
1790594922.2364416,9,146,1,snr-greedy,4,2,,0.9925,0.9891,,12.5,13.25,,16,20,,OFF
1790594922.744016,8,139,1,snr-greedy,4,2,,0.8964,0.9943,,12.25,13.5,,16,20,,OFF
1790594923.4123607,6,145,1,snr-greedy,4,2,,0.9912,0.9932,,12.25,12.75,,15,21,,OFF
1790594924.3309321,5,143,1,snr-greedy,4,1,,0.9925,0.9915,,12.5,12.25,,16,21,,OFF
1790594926.7883246,7,144,1,snr-greedy,4,2,,0.9902,0.9898,,12.0,12.0,,14,22,,OFF
1790594927.0137088,10,138,0,snr-greedy,4,1,,0.9926,0.0082,,12.5,7.5,,15,22,,OFF
1790594928.015962,4,147,0,snr-greedy,4,1,,0.8804,0.8333,,12.75,12.0,,16,21,,OFF
1790594928.1743495,3,142,1,snr-greedy,4,1,,0.9915,0.9851,,12.25,11.5,,17,21,,OFF
1790594934.4296358,2,73,1,snr-greedy,4,2,,0.9924,0.9942,,12.5,13.25,,16,21,,OFF
1790594935.0335689,1,140,1,snr-greedy,4,1,,0.9938,0.9915,,13.0,12.25,,17,21,,OFF
1790594936.2990937,9,147,1,snr-greedy,4,2,,0.9913,0.9938,,12.25,13.0,,17,21,,OFF
1790594936.7959135,10,139,1,snr-greedy,4,2,,0.0,0.0,,-2.0,1.75,,17,22,,OFF
1790594937.334506,8,140,1,snr-greedy,4,2,,0.9932,0.9944,,12.75,13.5,,17,23,,OFF
1790594937.9307013,5,144,1,snr-greedy,4,2,,0.9933,0.9933,,12.75,12.75,,17,23,,OFF
1790594938.6240075,4,148,1,snr-greedy,4,1,,0.9926,0.9882,,12.5,11.75,,17,23,,OFF
1790594939.646588,6,146,1,snr-greedy,4,2,,0.9925,0.9937,,12.5,13.0,,16,24,,OFF
1790594940.5057466,7,145,1,snr-greedy,4,2,,0.9933,0.9938,,12.75,13.0,,16,24,,OFF
1790594941.3992107,3,143,1,snr-greedy,4,1,,0.9925,0.9849,,12.5,11.5,,17,24,,OFF
1790594948.1404386,2,74,1,snr-greedy,4,1,,0.0,0.0,,1.75,-0.75,,16,20,,ON
1790594949.4174752,1,141,1,snr-greedy,4,1,,0.9924,0.9915,,12.5,12.25,,17,20,,ON
1790594951.113235,9,148,1,snr-greedy,4,1,,0.9755,0.0,,11.0,0.75,,18,20,,ON
1790594951.9642165,5,145,1,snr-greedy,4,1,,0.0,0.0,,3.5,2.0,,18,20,,ON
1790594953.2643402,6,147,1,snr-greedy,4,1,,0.0316,0.0,,8.25,-0.75,,18,20,,ON
1790594953.7232766,7,146,1,snr-greedy,4,2,,0.9878,0.9938,,12.25,13.0,,18,21,,ON
1790594954.0968442,3,144,1,snr-greedy,4,1,,0.9913,0.9849,,12.25,11.5,,19,21,,ON
1790594955.0285368,10,140,0,snr-greedy,4,2,,0.0,0.0001,,0.0,5.75,,19,22,,ON
1790594957.0303938,8,141,0,snr-greedy,4,2,,0.9938,0.9944,,13.0,13.5,,18,23,,OFF
1790594958.0323675,4,149,0,snr-greedy,4,1,,0.9771,0.0,,11.0,0.5,,19,21,,OFF
1790594963.1344082,2,75,1,snr-greedy,4,2,,0.9925,0.9933,,12.5,12.75,,18,20,,OFF
1790594964.126348,9,149,1,snr-greedy,4,1,,0.9142,0.0,,10.0,2.0,,19,20,,OFF
1790594965.7624116,10,141,1,snr-greedy,4,2,,0.9933,0.9938,,12.75,13.0,,19,20,,OFF
1790594966.831159,6,148,1,snr-greedy,4,2,,0.0174,0.9867,,8.0,12.75,,19,21,,OFF
1790594967.03079,5,146,1,snr-greedy,4,2,,0.9861,0.9938,,12.5,13.0,,19,22,,OFF
1790594967.9546053,8,142,1,snr-greedy,4,1,,0.9941,0.9925,,13.25,12.5,,20,22,,OFF
1790594969.9562268,7,147,1,snr-greedy,4,1,,0.9925,0.9923,,12.5,12.5,,21,20,,OFF
1790594970.053201,1,142,0,snr-greedy,4,1,,0.9925,0.9914,,12.5,12.25,,22,20,,OFF
1790594974.0568426,4,150,0,snr-greedy,4,2,,0.9932,0.9894,,12.75,13.0,,20,20,,OFF
1790594974.0582411,3,145,0,snr-greedy,4,1,,0.9825,0.0,,12.0,2.75,,21,20,,OFF
1790594977.436865,2,76,1,snr-greedy,4,1,,0.9925,0.9901,,12.5,12.0,,21,20,,OFF
1790594978.050981,9,150,1,snr-greedy,4,2,,0.9915,0.9938,,12.25,13.0,,21,21,,OFF
1790594979.011856,10,142,1,snr-greedy,4,2,,0.0,0.0,,-1.5,2.75,,20,22,,OFF
1790594981.1223648,8,143,1,snr-greedy,4,2,,0.9924,0.9933,,12.5,12.75,,20,23,,OFF
1790594981.5799203,5,147,1,snr-greedy,4,1,,0.9938,0.9937,,13.0,13.0,,21,23,,OFF
1790594982.082987,6,149,1,snr-greedy,4,2,,0.9924,0.9943,,12.5,13.5,,21,23,,OFF
1790594982.8953576,7,148,1,snr-greedy,4,1,,0.9938,0.9925,,13.0,12.5,,22,21,,ON
1790594983.811751,3,146,1,snr-greedy,4,1,,0.9925,0.9876,,12.5,11.75,,23,20,,ON
1790594984.2887735,4,151,1,snr-greedy,4,2,,0.9933,0.9937,,12.75,13.0,,23,21,,ON
1790594992.479537,9,151,1,snr-greedy,4,2,,0.9747,0.9938,,11.0,13.0,,19,21,,ON
1790594994.761762,1,144,1,snr-greedy,4,1,,0.0,0.0,,0.75,0.5,,20,20,,ON
1790594995.256737,5,148,1,snr-greedy,4,1,,0.926,0.7438,,10.0,10.0,,20,20,,ON
1790594995.860343,6,150,1,snr-greedy,4,1,,0.6548,0.0,,9.0,-0.75,,21,20,,ON
1790594996.0704112,2,77,0,snr-greedy,4,2,,0.0302,0.9901,,7.0,12.0,,21,21,,ON
1790594997.072524,10,143,0,snr-greedy,4,2,,0.0,0.0,,1.75,2.75,,21,20,,ON
1790594997.3420067,8,144,1,snr-greedy,4,2,,0.972,0.9933,,12.0,12.75,,21,20,,ON
1790595000.8183494,4,152,1,snr-greedy,4,1,,0.9937,0.9916,,13.0,12.25,,21,17,,OFF
1790595002.0760612,3,147,0,snr-greedy,4,2,,0.0,0.9876,,1.0,11.75,,20,18,,OFF
1790595002.076686,7,149,0,snr-greedy,4,2,,0.9922,0.9925,,12.5,12.5,,20,19,,OFF
1790595006.18314,2,78,1,snr-greedy,4,1,,0.9925,0.9882,,12.5,11.75,,21,19,,OFF
1790595006.6663835,10,144,1,snr-greedy,4,1,,0.9941,0.9938,,13.25,13.0,,22,19,,OFF
1790595007.7842777,1,145,1,snr-greedy,4,1,,0.9939,0.9915,,13.0,12.25,,23,19,,OFF
1790595008.7019296,9,152,1,snr-greedy,4,2,,0.9901,0.9915,,12.0,12.25,,22,20,,OFF
1790595009.1900039,6,151,1,snr-greedy,4,1,,0.9925,0.9901,,12.5,12.0,,23,20,,OFF
1790595010.0167944,5,149,1,snr-greedy,4,1,,0.9943,0.9925,,13.5,12.5,,23,20,,OFF
1790595012.192136,7,150,1,snr-greedy,4,1,,0.9941,0.9924,,13.25,12.5,,22,20,,OFF
1790595012.7745628,8,145,1,snr-greedy,4,1,,0.9904,0.9911,,12.25,12.25,,23,20,,OFF
1790595012.9702363,3,148,1,snr-greedy,4,1,,0.993,0.99,,12.75,12.0,,24,20,,OFF
1790595014.0129826,4,153,1,snr-greedy,4,1,,0.9932,0.9915,,12.75,12.25,,24,19,,OFF
1790595018.820029,2,79,1,snr-greedy,4,2,,0.9925,0.9938,,12.5,13.0,,22,18,,OFF
1790595019.4991198,10,145,1,snr-greedy,4,1,,0.9916,0.9901,,12.25,12.0,,23,18,,OFF
1790595021.4000912,1,146,1,snr-greedy,4,2,,0.9914,0.9914,,12.25,12.25,,23,19,,OFF
1790595022.6900337,5,150,1,snr-greedy,4,2,,0.8887,0.906,,13.0,13.5,,23,20,,OFF
1790595023.760963,9,153,1,snr-greedy,4,2,,0.9915,0.9914,,12.25,12.25,,23,20,,OFF
1790595025.079419,7,151,1,snr-greedy,4,1,,0.9942,0.9925,,13.25,12.5,,23,20,,OFF
1790595026.9276383,3,149,1,snr-greedy,4,1,,0.9933,0.988,,12.75,11.75,,24,18,,OFF
1790595027.309036,4,154,1,snr-greedy,4,2,,0.9916,0.9925,,12.25,12.5,,24,18,,OFF
1790595028.0955107,6,152,0,snr-greedy,4,2,,0.9915,0.9924,,12.25,12.5,,23,19,,OFF
1790595032.732735,2,80,1,snr-greedy,4,1,,0.9933,0.9926,,12.75,12.5,,22,19,,OFF
1790595033.100981,8,146,0,snr-greedy,4,2,,0.9924,0.9937,,12.5,13.0,,22,20,,OFF
1790595033.5536466,10,146,1,snr-greedy,4,1,,0.9942,0.9914,,13.25,12.25,,23,20,,OFF
1790595036.1382565,1,147,1,snr-greedy,4,2,,0.8855,0.9932,,12.5,12.75,,22,20,,OFF
1790595037.9557765,6,153,1,snr-greedy,4,2,,0.0,0.0001,,2.5,6.0,,21,21,,OFF
1790595056.9117842,8,148,1,state-aware,4,1,,0.0,0.0,,0.0,0.0,,1,0,,OFF
1790595062.5968254,4,156,0,state-aware,4,1,,0.9,0.0,,0.9,0.0,,2,0,,OFF
1790595062.9358025,10,148,1,state-aware,4,1,,0.9938,0.9925,,0.9938,0.9925,,3,0,,OFF
1790595064.4043212,2,82,1,state-aware,4,2,,0.9925,0.9931,,0.9925,0.9931,,3,1,,OFF
1790595065.5095446,1,149,1,state-aware,4,1,,0.9941,0.9941,,0.9941,0.9941,,4,1,,OFF
1790595067.0295153,6,155,1,state-aware,4,2,,0.99,0.9925,,0.99,0.9925,,4,2,,OFF
1790595068.617057,5,153,1,state-aware,4,1,,0.9933,0.9924,,0.9933,0.9924,,5,2,,OFF
1790595070.5497117,9,156,1,state-aware,4,2,,0.8888,0.9529,,0.8888,0.9529,,5,3,,OFF
1790595071.7432241,8,149,1,state-aware,4,2,,0.0029,0.9933,,0.1024,0.9933,,5,4,,OFF
1790595072.2660851,3,152,1,state-aware,4,1,,0.9923,0.9649,,0.9923,0.9649,,6,4,,OFF
1790595073.4916575,4,157,1,state-aware,4,2,,0.9938,0.9938,,0.8948,0.9938,,6,5,,OFF
1790595075.6071227,7,154,0,state-aware,4,2,,0.9862,0.989,,0.9862,0.989,,6,6,,OFF
1790595076.4000435,10,149,1,state-aware,4,2,,0.9942,0.9933,,0.9285,0.9933,,6,7,,OFF
1790595077.1173837,2,83,1,state-aware,4,1,,0.9933,0.9938,,0.9933,0.9282,,7,7,,OFF
1790595078.6097076,1,150,1,state-aware,4,2,,0.9938,0.9925,,0.9282,0.9925,,7,8,,OFF
1790595083.248271,6,156,1,state-aware,4,1,,0.9901,0.9914,,0.9901,0.8929,,8,8,,OFF
1790595083.8334346,5,154,1,state-aware,4,2,,0.9933,0.9933,,0.9278,0.9933,,8,9,,OFF
1790595084.960669,9,157,1,state-aware,4,1,,0.9915,0.9901,,0.9915,0.9251,,9,9,,OFF
1790595085.798211,7,155,1,state-aware,4,1,,0.9925,0.9938,,0.9925,0.8948,,10,9,,OFF
1790595086.305959,8,150,1,state-aware,4,2,,0.8075,0.9925,,0.7729,0.9271,,10,10,,OFF
1790595087.2564585,4,158,1,state-aware,4,2,,0.9925,0.9881,,0.8937,0.9234,,10,11,,OFF
1790595089.6099463,10,150,1,state-aware,4,1,,0.9938,0.9925,,0.9282,0.9271,,11,11,,OFF
1790595091.1263943,2,84,1,state-aware,4,2,,0.9925,0.9933,,0.9271,0.9277,,11,12,,OFF
1790595091.5100136,1,151,1,state-aware,4,1,,0.9938,0.9914,,0.9281,0.9262,,12,12,,OFF
1790595091.6132274,3,153,0,state-aware,4,2,,0.9915,0.965,,0.9262,0.965,,12,13,,OFF
1790595097.4867797,6,157,1,state-aware,4,1,,0.9931,0.9938,,0.9276,0.8949,,13,13,,ON
1790595097.9529572,9,158,1,state-aware,4,2,,0.9915,0.9939,,0.9263,0.9282,,13,14,,ON
1790595098.6030922,7,156,1,state-aware,4,1,,0.9915,0.9925,,0.9262,0.8938,,14,14,,ON
1790595099.1870115,5,155,1,state-aware,4,1,,0.9942,0.9942,,0.9285,0.8952,,15,14,,ON
1790595100.7130365,4,159,1,state-aware,4,1,,0.9915,0.9447,,0.8929,0.8691,,16,14,,ON
1790595103.4814436,10,151,1,state-aware,4,2,,0.9665,0.9925,,0.8846,0.9271,,16,15,,ON
1790595107.3207927,1,152,1,state-aware,4,2,,0.9589,0.9914,,0.8221,0.9262,,16,16,,ON
1790595107.833297,2,85,1,state-aware,4,1,,0.9882,0.9821,,0.9235,0.8387,,17,16,,ON
1790595108.61691,3,154,0,state-aware,4,2,,0.0,0.965,,0.1,0.8708,,17,17,,ON
1790595108.6178203,8,151,0,state-aware,4,2,,0.0,0.0,,0.1,0.1371,,17,18,,ON
1790595110.653097,6,158,1,state-aware,4,1,,0.9127,0.0844,,0.8462,0.137,,18,18,,ON
1790595112.646624,7,157,1,state-aware,4,1,,0.7398,0.0,,0.7227,0.0667,,19,18,,OFF
1790595114.9808445,5,156,1,state-aware,4,1,,0.2518,0.0516,,0.317,0.1097,,20,18,,OFF
1790595117.533994,8,152,1,state-aware,4,1,,0.9915,0.9916,,0.9262,0.7637,,20,18,,OFF
1790595118.3507566,3,155,1,state-aware,4,1,,0.9924,0.9896,,0.927,0.7983,,21,18,,OFF
1790595118.6287344,9,159,0,state-aware,4,1,,0.9942,0.0,,0.9285,0.1371,,22,18,,OFF
1790595119.2797542,10,152,1,state-aware,4,1,,0.9938,0.9925,,0.9042,0.846,,23,18,,OFF
1790595119.630883,4,160,0,state-aware,4,1,,0.977,0.004,,0.8464,0.1971,,24,18,,OFF
1790595122.9685159,1,153,1,state-aware,4,1,,0.9926,0.9901,,0.8461,0.8444,,23,18,,OFF
1790595123.594938,2,86,1,state-aware,4,2,,0.9932,0.9942,,0.8466,0.8473,,23,19,,OFF
1790595125.2957065,6,159,1,state-aware,4,1,,0.9932,0.9925,,0.8997,0.8937,,24,18,,OFF
1790595126.3381894,7,158,1,state-aware,4,1,,0.9932,0.9937,,0.8998,0.8947,,24,18,,OFF
1790595128.0756733,9,160,1,state-aware,4,2,,0.9931,0.9942,,0.8465,0.8473,,24,18,,OFF
1790595128.8954694,5,157,1,state-aware,4,2,,0.9938,0.9933,,0.8401,0.8944,,23,19,,OFF
1790595130.4655364,4,161,1,state-aware,4,2,,0.9925,0.9913,,0.7763,0.9023,,23,20,,OFF
1790595131.557511,8,153,1,state-aware,4,1,,0.9911,0.9913,,0.9022,0.7636,,24,19,,OFF
1790595133.445218,10,153,1,state-aware,4,1,,0.9924,0.9915,,0.8992,0.8454,,24,18,,OFF
1790595135.7490041,1,154,1,state-aware,4,2,,0.9942,0.9941,,0.8403,0.8472,,24,17,,OFF
1790595136.642769,3,156,0,state-aware,4,1,,0.9932,0.9899,,0.9037,0.7985,,25,16,,OFF
1790595137.2789636,2,87,1,state-aware,4,1,,0.9938,0.9938,,0.847,0.8401,,25,16,,OFF
1790595139.3362288,6,160,1,state-aware,4,1,,0.9901,0.9915,,0.9035,0.8929,,26,15,,OFF
1790595140.8749657,7,159,1,state-aware,4,1,,0.9915,0.9925,,0.9043,0.8938,,27,15,,OFF
1790595143.1218715,9,161,1,state-aware,4,2,,0.0008,0.0102,,0.1377,0.1504,,27,16,,OFF
1790595143.4581838,5,158,1,state-aware,4,2,,0.9926,0.9939,,0.8394,0.8585,,26,17,,OFF
1790595145.9890897,8,154,1,state-aware,4,1,,0.9932,0.9932,,0.8998,0.7648,,25,16,,OFF
1790595147.013158,3,157,1,state-aware,4,1,,0.9937,0.9876,,0.8251,0.7969,,26,15,,OFF
1790595147.574414,10,154,1,state-aware,4,1,,0.9933,0.9926,,0.9053,0.8461,,27,14,,OFF
1790595148.6470513,4,162,0,state-aware,4,2,,0.609,0.9913,,0.5366,0.8985,,27,15,,OFF
1790595151.029021,2,88,1,state-aware,4,1,,0.9944,0.9933,,0.8405,0.8398,,27,15,,OFF
1790595151.4196846,1,155,1,state-aware,4,1,,0.9938,0.9914,,0.8401,0.7636,,28,14,,OFF
1790595153.7682061,6,161,1,state-aware,4,1,,0.9924,0.9925,,0.9143,0.8937,,28,13,,OFF
1790595154.8309474,7,160,1,state-aware,4,1,,0.9924,0.9914,,0.9143,0.8929,,29,13,,OFF
1790595156.2533104,9,162,1,state-aware,4,1,,0.9921,0.9934,,0.8458,0.7773,,30,13,,OFF
1790595156.4764442,5,159,1,state-aware,4,2,,0.9942,0.9924,,0.8404,0.8513,,30,14,,OFF
1790595159.3977606,4,163,1,state-aware,4,2,,0.9938,0.9924,,0.7771,0.8159,,27,14,,OFF
1790595160.032749,3,158,1,state-aware,4,1,,0.9933,0.9925,,0.8341,0.8004,,28,14,,OFF
1790595160.3178372,8,155,1,state-aware,4,1,,0.9898,0.0452,,0.9033,0.1722,,29,14,,OFF
1790595161.5639398,10,155,1,state-aware,4,1,,0.9937,0.9932,,0.9149,0.8466,,29,14,,OFF
1790595165.0281558,2,89,1,state-aware,4,1,,0.9938,0.9925,,0.8487,0.8393,,30,13,,OFF
1790595166.0640168,1,156,1,state-aware,4,1,,0.9915,0.9937,,0.8474,0.7651,,31,13,,OFF
1790595168.3354983,7,161,1,state-aware,4,1,,0.9944,0.9943,,0.9259,0.8953,,31,12,,OFF
1790595169.1897488,6,162,1,state-aware,4,1,,0.9853,0.9853,,0.9218,0.8877,,32,10,,OFF
1790595170.7777877,9,163,1,state-aware,4,2,,0.9937,0.9941,,0.765,0.7777,,31,11,,ON
1790595173.2647557,4,164,1,state-aware,4,2,,0.9914,0.9924,,0.7756,0.8343,,30,12,,ON
1790595174.1959848,8,156,1,state-aware,4,2,,0.0006,0.499,,0.4184,0.4559,,30,13,,ON
1790595174.6640174,5,160,0,state-aware,4,2,,0.9938,0.9942,,0.8401,0.8602,,30,14,,ON
1790595175.98058,10,156,1,state-aware,4,2,,0.0009,0.9466,,0.4744,0.8133,,29,15,,ON
1790595179.6670566,3,159,0,state-aware,4,2,,0.0041,0.9925,,0.3561,0.8004,,24,16,,ON
1790595179.7011604,2,90,1,state-aware,4,1,,0.0,0.0,,0.3669,0.219,,25,16,,ON
1790595180.9465177,1,157,1,state-aware,4,1,,0.0,0.0,,0.3669,0.144,,26,16,,ON
1790595181.9345083,7,162,1,state-aware,4,1,,0.0,0.0,,0.5222,0.0667,,27,16,,ON
1790595184.6883776,5,161,1,state-aware,4,1,,0.9915,0.9942,,0.8387,0.7742,,27,15,,ON
1790595185.2175856,9,164,1,state-aware,4,1,,0.9901,0.9941,,0.7628,0.6999,,28,15,,ON
1790595187.6716993,6,163,0,state-aware,4,1,,0.8358,0.0,,0.8704,0.0667,,27,15,,ON
1790595188.2047334,8,157,1,state-aware,4,1,,0.7935,0.499,,0.8148,0.5026,,28,14,,ON
1790595189.5364296,3,160,1,state-aware,4,1,,0.9875,0.9925,,0.8478,0.7163,,29,13,,ON
1790595189.7152166,4,165,1,state-aware,4,1,,0.9924,0.9924,,0.7762,0.7461,,30,13,,ON
1790595190.5192034,10,157,1,state-aware,4,1,,0.1102,0.0,,0.5241,0.219,,31,12,,ON
1790595195.5765667,1,158,1,state-aware,4,1,,0.0016,0.1102,,0.43,0.2129,,30,12,,OFF
1790595197.5383477,6,164,1,state-aware,4,1,,0.9942,0.0,,0.8231,0.0667,,29,11,,OFF
1790595198.0000165,7,163,1,state-aware,4,1,,0.9931,0.0,,0.8227,0.0667,,30,11,,OFF
1790595199.1287825,9,165,1,state-aware,4,1,,0.9931,0.9941,,0.7772,0.6999,,31,11,,OFF
1790595199.9844148,5,162,1,state-aware,4,2,,0.9932,0.9923,,0.7594,0.7733,,30,12,,OFF
1790595200.6780374,2,91,0,state-aware,4,1,,0.8689,0.0,,0.7151,0.219,,31,12,,OFF
1790595203.0349011,4,166,1,state-aware,4,1,,0.9925,0.9915,,0.7882,0.7457,,31,12,,OFF
1790595203.979617,3,161,1,state-aware,4,1,,0.9937,0.9791,,0.8698,0.7079,,32,10,,OFF
1790595204.620882,10,158,1,state-aware,4,1,,0.985,0.9932,,0.9326,0.8398,,33,10,,OFF
1790595209.62716,2,92,1,state-aware,4,2,,0.9933,0.9938,,0.6878,0.8402,,30,10,,OFF
1790595211.0071332,6,165,1,state-aware,4,1,,0.9916,0.9048,,0.851,0.8207,,31,10,,OFF
1790595211.3619184,1,159,1,state-aware,4,1,,0.982,0.9903,,0.7764,0.7629,,31,10,,OFF
1790595211.6824,8,158,0,state-aware,4,1,,0.9792,0.3019,,0.81,0.3931,,31,10,,OFF
1790595212.0727808,9,166,1,state-aware,4,1,,0.9925,0.9925,,0.7991,0.6991,,32,10,,OFF
1790595215.860182,5,163,1,state-aware,4,1,,0.9933,0.9933,,0.7595,0.6933,,31,10,,OFF
1790595216.9666219,4,167,1,state-aware,4,1,,0.9937,0.9913,,0.81,0.7457,,31,9,,OFF
1790595217.4604185,10,159,1,state-aware,4,1,,0.9941,0.9932,,0.9461,0.8398,,32,9,,OFF
1790595218.0775805,3,162,1,state-aware,4,1,,0.9932,0.98,,0.8882,0.7085,,33,9,,OFF
1790595218.6867404,7,164,0,state-aware,4,1,,0.0,0.0,,0.4969,0.0667,,34,9,,OFF
1790595220.2474349,8,159,1,state-aware,4,2,,0.9915,0.9926,,0.7253,0.7768,,33,9,,OFF
1790595224.1161625,2,93,1,state-aware,4,2,,0.9933,0.9933,,0.6878,0.8484,,31,10,,OFF
1790595225.5639236,1,160,1,state-aware,4,1,,0.982,0.8949,,0.8107,0.7033,,31,10,,OFF
1790595226.1087067,9,167,1,state-aware,4,1,,0.9867,0.99,,0.8219,0.6979,,31,10,,OFF
1790595229.4586267,5,164,1,state-aware,4,1,,0.9916,0.9933,,0.7827,0.6933,,30,10,,OFF
1790595229.6916819,6,166,0,state-aware,4,2,,0.9925,0.9906,,0.8764,0.8922,,30,11,,OFF
1790595232.1222043,10,160,1,state-aware,4,1,,0.9925,0.9926,,0.9542,0.8394,,31,10,,OFF
1790595233.5384154,8,160,1,state-aware,4,2,,0.9932,0.9925,,0.726,0.7991,,31,10,,OFF
1790595236.6947868,4,168,0,state-aware,4,1,,0.9937,0.9914,,0.8341,0.7457,,32,7,,ON
1790595239.604606,2,94,1,state-aware,4,2,,0.0029,0.0016,,0.2752,0.3677,,32,8,,ON
1790595241.055942,9,168,1,state-aware,4,1,,0.9504,0.0731,,0.8322,0.2394,,31,7,,ON
1790595241.0783367,6,167,1,state-aware,4,1,,0.8926,0.0,,0.8431,0.0914,,32,7,,ON
1790595241.096884,7,166,1,state-aware,4,1,,0.9634,0.0,,0.8409,0.0667,,33,7,,ON
1790595243.600073,5,165,1,state-aware,4,1,,0.0,0.0,,0.3595,0.2419,,33,7,,ON
1790595246.4364836,10,161,1,state-aware,4,1,,0.0,0.0,,0.6309,0.219,,32,7,,ON
1790595247.6177604,4,169,1,state-aware,4,1,,0.4276,0.0,,0.5053,0.2951,,33,7,,OFF
1790595249.9271684,8,161,1,state-aware,4,1,,0.9915,0.9941,,0.7253,0.7162,,30,7,,OFF
1790595252.703596,3,164,0,state-aware,4,1,,0.0,0.2255,,0.4744,0.237,,30,7,,OFF
1790595253.910747,9,169,1,state-aware,4,1,,0.9915,0.9938,,0.8725,0.6998,,31,7,,OFF
1790595254.4593768,7,167,1,state-aware,4,2,,0.9883,0.9938,,0.875,0.8948,,31,8,,OFF
1790595254.8920858,2,95,1,state-aware,4,2,,0.9914,0.9933,,0.687,0.7717,,31,9,,OFF
1790595255.7976317,1,162,1,state-aware,4,1,,0.9915,0.0,,0.8144,0.144,,31,9,,OFF
1790595256.3464894,6,168,1,state-aware,4,1,,0.9592,0.0,,0.8873,0.0914,,32,9,,OFF
1790595258.6727242,5,166,1,state-aware,4,1,,0.9932,0.9925,,0.7214,0.693,,31,9,,OFF
1790595259.9511166,10,162,1,state-aware,4,1,,0.9925,0.9933,,0.9681,0.8398,,31,9,,OFF
1790595260.8660352,4,170,1,state-aware,4,1,,0.9933,0.9924,,0.7812,0.7461,,31,8,,OFF
1790595263.03048,3,165,1,state-aware,4,1,,0.9915,0.9807,,0.7817,0.7089,,32,8,,OFF
1790595264.3025088,8,162,1,state-aware,4,1,,0.9925,0.9942,,0.7683,0.7162,,31,8,,OFF
1790595266.9385095,9,170,1,state-aware,4,1,,0.9925,0.9932,,0.8935,0.6995,,31,8,,OFF
1790595269.553625,2,96,1,state-aware,4,2,,0.8689,0.9922,,0.636,0.804,,31,9,,OFF
1790595270.2211454,1,163,1,state-aware,4,1,,0.9938,0.9915,,0.8454,0.7637,,32,8,,OFF
1790595272.7239578,5,167,1,state-aware,4,1,,0.9932,0.9932,,0.7646,0.6933,,29,8,,OFF
1790595274.1298823,10,163,1,state-aware,4,1,,0.9925,0.9925,,0.9735,0.8393,,30,8,,OFF
1790595274.7263596,7,168,0,state-aware,4,1,,0.9913,0.9933,,0.876,0.8009,,31,8,,OFF
1790595274.7272203,6,169,0,state-aware,4,1,,0.0,0.3836,,0.6238,0.3655,,32,8,,OFF
1790595275.7573,4,171,1,state-aware,4,1,,0.9933,0.9938,,0.8169,0.7468,,33,8,,OFF
1790595278.4097195,8,163,1,state-aware,4,1,,0.8983,0.9938,,0.7724,0.7161,,30,8,,OFF
1790595281.3015013,9,171,1,state-aware,4,1,,0.9901,0.9901,,0.9106,0.698,,30,7,,ON
1790595283.398764,1,164,1,state-aware,4,1,,0.9925,0.9915,,0.8711,0.7637,,31,7,,ON
1790595283.7371533,2,97,1,state-aware,4,2,,0.9911,0.9933,,0.6869,0.8348,,31,8,,ON
1790595284.7392886,3,166,0,state-aware,4,2,,0.9932,0.9754,,0.6893,0.7056,,31,8,,ON
1790595285.6638196,7,169,1,state-aware,4,2,,0.0,0.9933,,0.4501,0.8009,,30,9,,ON
1790595287.4147468,6,170,1,state-aware,4,1,,0.7221,0.0,,0.7112,0.0914,,30,9,,ON
1790595287.9094658,5,168,1,state-aware,4,1,,0.9942,0.9857,,0.8034,0.6899,,31,9,,ON
1790595308.2903302,8,165,1,round-robin,4,1,,0.9,0.9933,,nan,nan,,1,0,,OFF
1790595309.5135636,3,168,1,round-robin,4,1,,0.9933,0.0,,nan,nan,,2,0,,OFF
1790595313.783853,9,173,1,round-robin,4,1,,0.989,0.9942,,nan,nan,,3,0,,OFF
1790595314.6778338,1,166,1,round-robin,4,1,,0.9,0.9915,,nan,nan,,4,0,,OFF
1790595315.6711597,2,99,1,round-robin,4,1,,0.9938,0.9933,,nan,nan,,5,0,,OFF
1790595316.6985626,7,171,1,round-robin,4,1,,0.9925,0.9925,,nan,nan,,6,0,,OFF
1790595320.5949674,4,174,1,round-robin,4,1,,0.9901,0.9882,,nan,nan,,7,0,,OFF
1790595321.7168317,8,166,1,round-robin,4,2,,0.9942,0.994,,nan,nan,,7,1,,OFF
1790595323.2576728,6,172,0,round-robin,4,1,,0.9923,0.993,,nan,nan,,8,1,,OFF
1790595323.6482427,3,169,1,round-robin,4,2,,0.9943,0.882,,nan,nan,,8,2,,OFF
1790595326.2619176,10,166,0,round-robin,4,1,,0.0,0.0,,nan,nan,,9,2,,OFF
1790595326.2629864,5,170,0,round-robin,4,1,,0.9939,0.989,,nan,nan,,10,2,,OFF
1790595329.0297124,9,174,1,round-robin,4,2,,0.9821,0.0302,,nan,nan,,10,3,,OFF
1790595329.5164785,1,167,1,round-robin,4,2,,0.9902,0.9933,,nan,nan,,10,4,,OFF
1790595331.2609448,2,100,1,round-robin,4,2,,0.9933,0.9933,,nan,nan,,10,5,,OFF
1790595332.021666,7,172,1,round-robin,4,2,,0.9938,0.9915,,nan,nan,,10,6,,OFF
1790595333.3214502,6,173,1,round-robin,4,2,,0.9923,0.9925,,nan,nan,,10,7,,OFF
1790595334.9194322,5,171,1,round-robin,4,2,,0.9938,0.9938,,nan,nan,,10,8,,OFF
1790595335.4315588,10,167,1,round-robin,4,2,,0.9913,0.9931,,nan,nan,,10,9,,OFF
1790595336.4932487,4,175,1,round-robin,4,2,,0.7943,0.0,,nan,nan,,10,10,,OFF
1790595337.265241,8,167,1,round-robin,4,1,,0.9925,0.9933,,nan,nan,,11,10,,OFF
1790595340.0380776,3,170,1,round-robin,4,1,,0.9925,0.9801,,nan,nan,,12,10,,OFF
1790595342.0735452,9,175,1,round-robin,4,1,,0.9901,0.9926,,nan,nan,,13,10,,OFF
1790595344.9722354,2,101,1,round-robin,4,1,,0.9867,0.9915,,nan,nan,,14,10,,OFF
1790595347.0506957,7,173,1,round-robin,4,1,,0.9943,0.9923,,nan,nan,,15,10,,OFF
1790595347.7425003,5,172,1,round-robin,4,1,,0.9937,0.9915,,nan,nan,,16,10,,ON
1790595349.2778332,4,176,1,round-robin,4,1,,0.9846,0.8073,,nan,nan,,17,10,,ON
1790595350.8971803,8,168,1,round-robin,4,2,,0.9841,0.9933,,nan,nan,,17,11,,ON
1790595351.2797382,1,168,0,round-robin,4,1,,0.9924,0.9925,,nan,nan,,18,11,,ON
1790595353.281676,6,174,0,round-robin,4,1,,0.99,0.9925,,nan,nan,,19,11,,ON
1790595353.5878596,3,171,1,round-robin,4,2,,0.881,0.9801,,nan,nan,,19,12,,ON
1790595354.283033,10,168,0,round-robin,4,1,,0.9913,0.9925,,nan,nan,,20,12,,ON
1790595355.6342626,9,176,1,round-robin,4,2,,0.9915,0.0,,nan,nan,,20,13,,ON
1790595359.6053333,1,169,1,round-robin,4,2,,0.0267,0.0,,nan,nan,,20,14,,ON
1790595360.3250604,7,174,1,round-robin,4,2,,0.9815,0.0,,nan,nan,,20,15,,ON
1790595362.3584778,6,175,1,round-robin,4,2,,0.99,0.9925,,nan,nan,,20,16,,ON
1790595365.2278285,4,177,1,round-robin,4,2,,0.923,0.8073,,nan,nan,,20,17,,OFF
1790595365.6776989,10,169,1,round-robin,4,2,,0.3011,0.0,,nan,nan,,20,18,,OFF
1790595366.6657908,8,169,1,round-robin,4,1,,0.9931,0.9933,,nan,nan,,21,18,,OFF
1790595369.8648808,3,172,1,round-robin,4,1,,0.9925,0.9808,,nan,nan,,20,18,,OFF
1790595370.2880054,5,173,0,round-robin,4,2,,0.1189,0.0,,nan,nan,,20,19,,OFF
1790595370.439876,9,177,1,round-robin,4,1,,0.9932,0.9943,,nan,nan,,21,19,,OFF
1790595374.570624,2,103,1,round-robin,4,2,,0.8887,0.9932,,nan,nan,,20,20,,OFF
1790595376.0243924,7,175,1,round-robin,4,1,,0.9933,0.9914,,nan,nan,,19,20,,OFF
1790595378.6684947,5,174,1,round-robin,4,1,,0.0,0.0,,nan,nan,,19,20,,OFF
1790595379.1909966,10,170,1,round-robin,4,1,,0.9152,0.9634,,nan,nan,,20,20,,OFF
1790595379.290973,1,170,0,round-robin,4,1,,0.8772,0.8333,,nan,nan,,21,20,,OFF
1790595379.6024384,4,178,1,round-robin,4,1,,0.9933,0.9925,,nan,nan,,22,20,,OFF
1790595380.70793,8,170,1,round-robin,4,2,,0.9925,0.9941,,nan,nan,,21,21,,OFF
1790595383.5329444,9,178,1,round-robin,4,2,,0.9915,0.9901,,nan,nan,,20,21,,OFF
1790595384.2935836,6,176,0,round-robin,4,1,,0.2636,0.9925,,nan,nan,,21,20,,OFF
1790595388.2967167,3,173,0,round-robin,4,2,,0.9926,0.9656,,nan,nan,,19,21,,OFF
1790595388.5702507,2,104,1,round-robin,4,1,,0.9933,0.9926,,nan,nan,,20,21,,OFF
1790595389.3107173,1,171,1,round-robin,4,2,,0.9937,0.9931,,nan,nan,,20,21,,OFF
1790595392.1579683,7,176,1,round-robin,4,2,,0.9938,0.9938,,nan,nan,,20,19,,OFF
1790595392.9091382,5,175,1,round-robin,4,2,,0.0165,0.9924,,nan,nan,,20,20,,OFF
1790595393.3289237,4,179,1,round-robin,4,2,,0.4816,0.0,,nan,nan,,20,20,,OFF
1790595393.6991787,10,171,1,round-robin,4,2,,0.9914,0.9938,,nan,nan,,20,21,,OFF
1790595394.5457525,6,177,1,round-robin,4,2,,0.2096,0.9914,,nan,nan,,20,22,,OFF
1790595395.1510286,8,171,1,round-robin,4,1,,0.9915,0.9926,,nan,nan,,21,21,,OFF
1790595397.0766773,9,179,1,round-robin,4,1,,0.9925,0.9942,,nan,nan,,22,19,,OFF
1790595399.774716,3,174,1,round-robin,4,1,,0.9932,0.9732,,nan,nan,,22,19,,ON
1790595402.5064082,2,105,1,round-robin,4,2,,0.681,0.7741,,nan,nan,,20,20,,ON
1790595405.06306,1,172,1,round-robin,4,1,,0.0,0.0,,nan,nan,,20,20,,ON
1790595405.600409,7,177,1,round-robin,4,1,,0.8536,0.9938,,nan,nan,,21,20,,ON
1790595408.575929,4,180,1,round-robin,4,1,,0.9764,0.0,,nan,nan,,20,20,,ON
1790595408.6078517,10,172,1,round-robin,4,1,,0.0,0.0,,nan,nan,,21,20,,ON
1790595409.31617,6,178,1,round-robin,4,1,,0.6824,0.0,,nan,nan,,21,20,,ON
1790595409.898405,9,180,1,round-robin,4,2,,0.9941,0.9942,,nan,nan,,21,21,,ON
1790595411.3208888,5,176,0,round-robin,4,1,,0.0165,0.9938,,nan,nan,,21,20,,ON
1790595414.3234386,8,172,0,round-robin,4,2,,0.0,0.0,,nan,nan,,19,20,,ON
1790595415.4599369,3,175,1,round-robin,4,2,,0.0,0.0,,nan,nan,,19,21,,ON
1790595418.1429212,2,106,1,round-robin,4,1,,0.1526,0.0977,,nan,nan,,20,20,,ON
1790595420.255306,1,173,1,round-robin,4,2,,0.0,0.0,,nan,nan,,20,20,,ON
1790595423.7978926,6,179,1,round-robin,4,2,,0.9941,0.0002,,nan,nan,,20,19,,OFF
1790595425.1344705,9,181,1,round-robin,4,1,,0.9914,0.9942,,nan,nan,,21,19,,OFF
1790595425.6443813,8,173,1,round-robin,4,1,,0.9927,0.8689,,nan,nan,,22,18,,OFF
1790595427.328641,4,181,0,round-robin,4,2,,0.97,0.0,,nan,nan,,21,18,,OFF
1790595427.329596,5,177,0,round-robin,4,2,,0.0,0.0,,nan,nan,,21,19,,OFF
1790595427.3303533,7,178,0,round-robin,4,2,,0.24,0.9938,,nan,nan,,21,20,,OFF
1790595428.3326778,10,173,0,round-robin,4,2,,0.0,0.0004,,nan,nan,,21,21,,OFF
1790595429.7822378,3,176,1,round-robin,4,1,,0.9933,0.9896,,nan,nan,,22,21,,OFF
1790595434.1695724,2,107,1,round-robin,4,2,,0.9944,0.9933,,nan,nan,,20,21,,OFF
1790595435.5882607,1,174,1,round-robin,4,1,,0.9915,0.9881,,nan,nan,,21,20,,OFF
1790595436.7373986,6,180,1,round-robin,4,1,,0.0,0.0,,nan,nan,,21,20,,OFF
1790595437.0184445,4,182,1,round-robin,4,1,,0.9922,0.9919,,nan,nan,,22,20,,OFF
1790595437.7174652,10,174,1,round-robin,4,1,,0.0,0.0,,nan,nan,,23,20,,OFF
1790595438.1442416,5,178,1,round-robin,4,1,,0.0,0.3652,,nan,nan,,24,20,,OFF
1790595438.5849237,7,179,1,round-robin,4,1,,0.9936,0.9939,,nan,nan,,25,20,,OFF
1790595443.0911143,3,177,1,round-robin,4,2,,0.9933,0.9925,,nan,nan,,21,20,,OFF
1790595443.339442,8,174,0,round-robin,4,2,,0.9882,0.8689,,nan,nan,,21,21,,OFF
1790595444.3432474,9,182,0,round-robin,4,2,,0.9941,0.8804,,nan,nan,,20,21,,OFF
1790595448.5191998,1,175,1,round-robin,4,2,,0.0,0.9881,,nan,nan,,20,21,,OFF
1790595450.6287112,4,183,1,round-robin,4,2,,0.9942,0.9931,,nan,nan,,19,21,,ON
1790595451.182203,5,179,1,round-robin,4,2,,0.0137,0.6076,,nan,nan,,19,22,,ON
1790595451.6638124,10,175,1,round-robin,4,2,,0.9853,0.9877,,nan,nan,,19,23,,ON
1790595452.5793607,7,180,1,round-robin,4,2,,0.9908,0.9939,,nan,nan,,19,23,,ON
1790595454.45383,9,183,1,round-robin,4,1,,0.9909,0.8804,,nan,nan,,20,20,,ON
1790595456.6679711,3,178,1,round-robin,4,1,,0.9511,0.9925,,nan,nan,,20,19,,ON
1790595457.3499372,6,181,0,round-robin,4,2,,0.989,0.9902,,nan,nan,,19,20,,ON
1790595462.4045882,1,176,1,round-robin,4,1,,0.9925,0.0019,,nan,nan,,19,20,,OFF
1790595463.649206,2,109,1,round-robin,4,1,,0.9937,0.9943,,nan,nan,,20,19,,OFF
1790595464.7775736,10,176,1,round-robin,4,1,,0.9882,0.9901,,nan,nan,,21,19,,OFF
1790595465.8923764,4,184,1,round-robin,4,1,,0.9937,0.9941,,nan,nan,,20,19,,OFF
1790595466.4000404,6,182,1,round-robin,4,1,,0.0518,0.0,,nan,nan,,21,19,,OFF
1790595466.912009,5,180,1,round-robin,4,1,,0.994,0.9924,,nan,nan,,22,19,,OFF
1790595467.7460213,7,181,1,round-robin,4,1,,0.9941,0.9932,,nan,nan,,23,19,,OFF
1790595468.359853,9,184,1,round-robin,4,2,,0.9915,0.9938,,nan,nan,,23,20,,OFF
1790595470.1065543,8,176,1,round-robin,4,1,,0.0,0.9938,,nan,nan,,21,19,,OFF
1790595475.3649936,3,179,0,round-robin,4,2,,0.9936,0.9899,,nan,nan,,20,19,,OFF
1790595475.8208976,1,177,1,round-robin,4,2,,0.9942,0.9938,,nan,nan,,20,19,,OFF
1790595476.8481364,2,110,1,round-robin,4,2,,0.9932,0.9941,,nan,nan,,20,20,,OFF
1790595479.4101949,6,183,1,round-robin,4,2,,0.9915,0.9926,,nan,nan,,19,21,,ON
1790595480.2223873,4,185,1,round-robin,4,2,,0.9883,0.988,,nan,nan,,19,22,,ON
1790595480.633726,5,181,1,round-robin,4,2,,0.9944,0.9942,,nan,nan,,19,22,,ON
1790595481.1841445,10,177,1,round-robin,4,2,,0.9914,0.9739,,nan,nan,,19,23,,ON
1790595481.5116181,7,182,1,round-robin,4,2,,0.9933,0.9915,,nan,nan,,19,24,,ON
1790595487.2138278,9,185,1,round-robin,4,1,,0.9876,0.0,,nan,nan,,18,23,,ON
1790595487.256011,8,177,1,round-robin,4,2,,0.0,0.0161,,nan,nan,,18,24,,ON
1790595487.2884138,3,180,1,round-robin,4,1,,0.9802,0.9899,,nan,nan,,19,24,,ON
1790595490.0494273,2,111,1,round-robin,4,1,,0.0,0.0,,nan,nan,,19,20,,ON
1790595491.3245738,1,178,1,round-robin,4,1,,0.0,0.0,,nan,nan,,20,20,,OFF
1790595495.1435544,4,186,1,round-robin,4,1,,0.8814,0.9765,,nan,nan,,21,19,,OFF
1790595496.0088673,5,182,1,round-robin,4,1,,0.9938,0.9925,,nan,nan,,21,19,,OFF
1790595497.871907,7,183,1,round-robin,4,1,,0.9858,0.7145,,nan,nan,,19,19,,OFF
1790595500.3789668,6,184,0,round-robin,4,1,,0.9902,0.9925,,nan,nan,,18,19,,OFF
1790595501.0120912,3,181,1,round-robin,4,2,,0.9932,0.9874,,nan,nan,,18,20,,OFF
1790595501.3808215,10,178,0,round-robin,4,1,,0.9933,0.9932,,nan,nan,,19,20,,OFF
1790595504.3938942,9,186,0,round-robin,4,2,,0.9938,0.9805,,nan,nan,,19,18,,OFF
1790595504.3951695,8,178,0,round-robin,4,1,,0.0,0.0,,nan,nan,,20,18,,OFF
1790595505.5117366,2,112,1,round-robin,4,2,,0.9915,0.9926,,nan,nan,,20,19,,OFF
1790595507.3960748,1,179,1,round-robin,4,2,,0.9933,0.9914,,nan,nan,,20,20,,OFF
1790595507.8768542,4,187,1,round-robin,4,2,,0.9941,0.9924,,nan,nan,,20,21,,OFF
1790595509.34259,5,183,1,round-robin,4,2,,0.9925,0.9925,,nan,nan,,20,21,,OFF
1790595510.467232,10,179,1,round-robin,4,2,,0.9901,0.9901,,nan,nan,,20,22,,OFF
1790595511.0785549,6,185,1,round-robin,4,2,,0.9941,0.9938,,nan,nan,,20,22,,OFF
1790595511.8122094,7,184,1,round-robin,4,2,,0.9944,0.9932,,nan,nan,,20,21,,OFF
1790595514.1244552,9,187,1,round-robin,4,1,,0.9911,0.3651,,nan,nan,,21,20,,OFF
1790595515.7957392,3,182,1,round-robin,4,1,,0.9925,0.9925,,nan,nan,,21,20,,OFF
1790595519.1712818,2,113,1,round-robin,4,1,,0.9925,0.9944,,nan,nan,,21,19,,OFF
1790595520.4037867,8,179,0,round-robin,4,2,,0.9881,0.9875,,nan,nan,,21,20,,OFF
1790595522.665539,5,184,1,round-robin,4,1,,0.9901,0.9901,,nan,nan,,21,20,,OFF
1790595524.0820184,1,180,1,round-robin,4,1,,0.0,0.0,,nan,nan,,21,20,,OFF
1790595524.45387,10,180,1,round-robin,4,1,,0.9914,0.9901,,nan,nan,,22,20,,OFF
1790595525.603869,7,185,1,round-robin,4,1,,0.9938,0.99,,nan,nan,,22,20,,ON
1790595526.4260647,6,186,1,round-robin,4,1,,0.9925,0.9926,,nan,nan,,21,20,,ON
1790595527.6546445,9,188,1,round-robin,4,2,,0.9901,0.9914,,nan,nan,,20,21,,ON
1790595529.6211796,8,180,1,round-robin,4,1,,0.0,0.6015,,nan,nan,,20,20,,ON
1790595531.4308786,4,188,0,round-robin,4,1,,0.9578,0.9924,,nan,nan,,20,20,,ON
1790595533.3104336,2,114,1,round-robin,4,2,,0.96,0.0,,nan,nan,,20,21,,ON
1790595535.5135508,5,185,1,round-robin,4,2,,0.0,0.0,,nan,nan,,20,21,,ON
1790595538.293609,1,181,1,round-robin,4,2,,0.0029,0.0,,nan,nan,,20,20,,ON
1790595538.9163518,7,186,1,round-robin,4,2,,0.9673,0.0,,nan,nan,,20,21,,ON
1790595793.4646351,9,205,1,snr-greedy,5,2,,0.9925,0.9942,,12.5,13.25,,0,1,,ON
1790595794.9487686,8,197,1,snr-greedy,5,1,,0.9555,0.9,,12.5,-999.0,,1,1,,ON
1790595798.6906376,3,200,1,snr-greedy,5,1,,0.6981,0.9,,10.25,-999.0,,2,1,,ON
1790595799.2126606,1,198,1,snr-greedy,5,1,,0.0001,0.0,,6.0,2.75,,3,1,,ON
1790595800.4886262,7,203,1,snr-greedy,5,1,,0.9897,0.0,,12.5,1.75,,4,1,,ON
1790595801.586007,5,202,1,snr-greedy,5,1,,0.0,0.0,,4.25,-0.5,,5,1,,ON
1790595804.2149706,2,131,0,snr-greedy,5,2,,0.9,0.5473,,-999.0,10.5,,5,2,,ON
1790595804.5332427,6,204,1,snr-greedy,5,1,,0.8688,0.0,,10.0,1.0,,6,2,,ON
1790595805.1580954,10,198,1,snr-greedy,5,1,,0.9877,0.9,,12.25,-999.0,,7,2,,ON
1790595806.9349642,4,206,1,snr-greedy,5,1,,0.9919,0.9,,12.5,-999.0,,8,2,,ON
1790595810.2691853,9,206,1,snr-greedy,5,2,,0.9874,0.9942,,11.75,13.25,,8,3,,OFF
1790595813.2532644,7,204,1,snr-greedy,5,1,,0.9941,0.9926,,13.25,12.5,,9,3,,OFF
1790595814.6726332,2,132,1,snr-greedy,5,1,,0.9941,0.9941,,13.25,13.25,,10,3,,OFF
1790595815.1804488,1,199,1,snr-greedy,5,1,,0.9909,0.9907,,12.25,12.25,,11,3,,OFF
1790595815.7201161,5,203,1,snr-greedy,5,1,,0.9942,0.9938,,13.25,13.0,,12,3,,OFF
1790595816.2179096,8,198,0,snr-greedy,5,2,,0.0,0.0,,2.0,2.25,,12,4,,OFF
1790595818.219639,3,201,0,snr-greedy,5,1,,0.9931,0.991,,13.0,12.25,,13,4,,OFF
1790595818.2522194,10,199,1,snr-greedy,5,2,,0.9933,0.9933,,12.75,12.75,,13,5,,OFF
1790595820.3638942,4,207,1,snr-greedy,5,2,,0.0,0.0,,2.5,3.25,,13,6,,OFF
1790595823.7048063,9,207,1,snr-greedy,5,2,,0.992,0.9938,,12.5,13.0,,13,7,,OFF
1790595825.4415731,8,199,1,snr-greedy,5,1,,0.9938,0.9883,,13.0,11.75,,14,7,,OFF
1790595826.2224622,6,205,0,snr-greedy,5,2,,0.9861,0.8804,,12.5,12.75,,14,8,,OFF
1790595827.0603795,7,205,1,snr-greedy,5,1,,0.994,0.9933,,13.25,12.75,,15,8,,OFF
1790595827.9802396,2,133,1,snr-greedy,5,2,,0.9943,0.9943,,13.5,13.5,,15,9,,OFF
1790595828.3224154,1,200,1,snr-greedy,5,1,,0.9856,0.9856,,11.5,11.5,,16,9,,OFF
1790595829.332996,5,204,1,snr-greedy,5,2,,0.0,0.9938,,3.25,13.0,,16,10,,OFF
1790595832.1008759,10,200,1,snr-greedy,5,2,,0.9942,0.9943,,13.25,13.5,,16,11,,OFF
1790595835.22548,3,202,0,snr-greedy,5,1,,0.9925,0.99,,12.5,12.0,,17,11,,ON
1790595836.3869393,4,208,1,snr-greedy,5,1,,0.9942,0.9915,,13.25,12.25,,18,11,,ON
1790595836.8073142,6,206,1,snr-greedy,5,1,,0.8757,0.0,,9.75,1.75,,19,11,,ON
1790595838.9605002,9,208,1,snr-greedy,5,2,,0.9813,0.9883,,11.25,11.75,,19,12,,ON
1790595840.8872204,7,206,1,snr-greedy,5,1,,0.0319,0.0,,7.75,4.5,,20,12,,ON
1790595841.4008374,8,200,1,snr-greedy,5,2,,0.0,0.0,,-0.75,0.75,,20,13,,ON
1790595843.3362901,2,134,1,snr-greedy,5,1,,0.9941,0.0,,13.25,0.5,,21,13,,ON
1790595843.74855,1,201,1,snr-greedy,5,1,,0.9896,0.9586,,13.25,10.5,,22,13,,ON
1790595844.2871957,5,205,1,snr-greedy,5,2,,0.0,0.0041,,1.5,6.25,,22,14,,ON
1790595844.6864128,3,203,1,snr-greedy,5,2,,0.3837,0.99,,10.0,12.0,,22,15,,ON
1790595846.1175077,10,201,1,snr-greedy,5,1,,0.993,0.9774,,12.75,11.0,,23,15,,ON
1790595850.658203,4,209,1,snr-greedy,5,2,,0.9914,0.9915,,12.25,12.25,,23,16,,OFF
1790595853.407464,6,207,1,snr-greedy,5,2,,0.0,0.0,,1.5,4.5,,23,17,,OFF
1790595854.434795,9,209,1,snr-greedy,5,2,,0.9915,0.9938,,12.25,13.0,,23,17,,OFF
1790595857.4560978,5,206,1,snr-greedy,5,1,,0.9938,0.9925,,13.0,12.5,,23,17,,OFF
1790595857.9123893,8,201,1,snr-greedy,5,1,,0.9943,0.9932,,13.5,12.75,,24,17,,OFF
1790595858.4444416,2,135,1,snr-greedy,5,1,,0.9933,0.9933,,12.75,12.75,,25,17,,OFF
1790595859.5584497,1,202,1,snr-greedy,5,1,,0.9925,0.9925,,12.5,12.5,,24,17,,OFF
1790595860.638158,3,204,1,snr-greedy,5,1,,0.9933,0.9898,,12.75,12.0,,24,17,,OFF
1790595861.4940405,10,202,1,snr-greedy,5,1,,0.9941,0.9942,,13.25,13.25,,25,17,,OFF
1790595863.617102,4,210,1,snr-greedy,5,1,,0.9933,0.9882,,12.75,11.75,,25,17,,OFF
1790595867.9523938,6,208,1,snr-greedy,5,2,,0.0,0.0,,1.75,4.75,,22,17,,OFF
1790595868.466308,7,208,1,snr-greedy,5,2,,0.9939,0.9941,,13.25,13.5,,22,18,,OFF
1790595870.5827558,9,210,1,snr-greedy,5,2,,0.9933,0.9933,,12.75,12.75,,22,18,,OFF
1790595872.1508582,5,207,1,snr-greedy,5,2,,0.0,0.9941,,-0.5,13.25,,22,19,,OFF
1790595872.9580615,8,202,1,snr-greedy,5,1,,0.9942,0.9937,,13.25,13.0,,23,19,,OFF
1790595874.4699073,3,205,1,snr-greedy,5,1,,0.9933,0.9881,,12.75,11.75,,23,19,,ON
1790595874.7766087,10,203,1,snr-greedy,5,2,,0.9931,0.9939,,12.75,13.0,,22,20,,ON
1790595875.6185625,1,203,1,snr-greedy,5,2,,0.9899,0.9898,,12.0,12.0,,21,21,,ON
1790595877.237052,2,136,0,snr-greedy,5,1,,0.9944,0.9942,,13.5,13.25,,21,20,,ON
1790595878.991989,4,211,1,snr-greedy,5,1,,0.815,0.0019,,9.75,6.0,,21,19,,ON
1790595882.3615234,6,209,1,snr-greedy,5,1,,0.5948,0.0,,9.0,0.0,,22,18,,ON
1790595883.4801915,9,211,1,snr-greedy,5,1,,0.9735,0.0,,11.0,2.0,,23,18,,OFF
1790595884.2260332,7,209,1,snr-greedy,5,1,,0.0018,0.0,,7.0,0.75,,24,17,,OFF
1790595888.1244628,2,137,1,snr-greedy,5,1,,0.9918,0.9914,,13.0,12.25,,23,15,,OFF
1790595889.0038657,8,203,1,snr-greedy,5,1,,0.8887,0.9925,,13.0,12.5,,23,15,,OFF
1790595890.4561617,1,204,1,snr-greedy,5,2,,0.0,0.9901,,4.5,12.0,,23,15,,OFF
1790595890.7542863,10,204,1,snr-greedy,5,1,,0.9932,0.9924,,12.75,12.5,,24,15,,OFF
1790595893.241917,5,208,0,snr-greedy,5,2,,0.8804,0.9938,,12.75,13.0,,24,15,,OFF
1790595894.220984,4,212,1,snr-greedy,5,1,,0.9938,0.9914,,13.0,12.25,,25,15,,OFF
1790595896.2436538,3,206,0,snr-greedy,5,1,,0.9933,0.9852,,12.75,11.5,,25,15,,OFF
1790595896.7989998,9,212,1,snr-greedy,5,2,,0.9915,0.9933,,12.25,12.75,,24,16,,OFF
1790595897.741714,7,210,1,snr-greedy,5,2,,0.9933,0.9933,,12.75,12.75,,23,17,,OFF
1790595898.4416523,6,210,1,snr-greedy,5,2,,0.9899,0.9932,,12.0,12.75,,23,18,,OFF
1790595901.8186471,2,138,1,snr-greedy,5,2,,0.9933,0.9933,,12.75,12.75,,22,17,,OFF
1790595903.6455708,5,209,1,snr-greedy,5,2,,0.0,0.0,,2.75,5.25,,21,18,,OFF
1790595904.3014162,3,207,1,snr-greedy,5,1,,0.9915,0.9881,,12.25,11.75,,21,17,,OFF
1790595905.7196205,1,205,1,snr-greedy,5,1,,0.9915,0.9915,,12.25,12.25,,22,16,,OFF
1790595906.4385657,10,205,1,snr-greedy,5,2,,0.9933,0.9938,,12.75,13.0,,21,17,,OFF
1790595908.4589372,4,213,1,snr-greedy,5,1,,0.9933,0.9915,,12.75,12.25,,22,17,,OFF
1790595910.2490914,8,204,0,snr-greedy,5,1,,0.9885,0.9925,,12.75,12.5,,23,17,,OFF
1790595911.257302,6,211,1,snr-greedy,5,2,,0.8096,0.8983,,11.75,12.25,,23,17,,OFF
1790595913.1075552,9,213,1,snr-greedy,5,2,,0.9925,0.9942,,12.5,13.25,,23,18,,OFF
1790595916.1521342,2,139,1,snr-greedy,5,1,,0.9944,0.6461,,13.5,9.5,,24,16,,OFF
1790595916.2606294,7,211,0,snr-greedy,5,1,,0.9938,0.9933,,13.0,12.75,,25,16,,OFF
1790595916.4440968,5,210,1,snr-greedy,5,1,,0.9905,0.9875,,13.5,12.75,,26,16,,OFF
1790595917.894251,3,208,1,snr-greedy,5,1,,0.9932,0.9898,,12.75,12.0,,26,16,,OFF
1790595918.5938103,8,205,1,snr-greedy,5,1,,0.9938,0.9925,,13.0,12.5,,25,16,,OFF
1790595919.625432,1,206,1,snr-greedy,5,2,,0.99,0.9914,,12.0,12.25,,24,17,,OFF
1790595920.543029,10,206,1,snr-greedy,5,2,,0.9933,0.9938,,12.75,13.0,,24,18,,OFF
1790595921.3706956,4,214,1,snr-greedy,5,1,,0.9942,0.9924,,13.25,12.5,,24,18,,OFF
1790595925.4016407,6,212,1,snr-greedy,5,1,,0.9925,0.9925,,12.5,12.5,,23,18,,OFF
1790595925.8775504,7,212,1,snr-greedy,5,2,,0.9942,0.9942,,13.25,13.25,,23,19,,OFF
1790595928.9455585,9,214,1,snr-greedy,5,2,,0.9933,0.9942,,12.75,13.25,,23,18,,OFF
1790595929.4531035,2,140,1,snr-greedy,5,2,,0.9926,0.9933,,12.5,12.75,,23,19,,OFF
1790595930.911371,5,211,1,snr-greedy,5,1,,0.8943,0.9937,,13.25,13.0,,24,18,,OFF
1790595931.8467834,8,206,1,snr-greedy,5,1,,0.9942,0.9901,,13.25,12.0,,25,18,,OFF
1790595933.9552672,1,207,1,snr-greedy,5,1,,0.9931,0.9923,,12.75,12.5,,25,17,,OFF
1790595934.3719246,4,215,1,snr-greedy,5,2,,0.9086,0.9924,,10.25,12.5,,25,18,,OFF
1790595936.2699933,3,209,0,snr-greedy,5,1,,0.9933,0.9899,,12.75,12.0,,25,16,,OFF
1790595938.471822,6,213,1,snr-greedy,5,2,,0.9915,0.9916,,12.25,12.25,,24,17,,ON
1790595941.0278342,7,213,1,snr-greedy,5,1,,0.9427,0.0001,,10.25,6.0,,24,17,,ON
1790595943.2816632,9,215,1,snr-greedy,5,2,,0.9937,0.9942,,13.0,13.25,,23,18,,ON
1790595943.522366,2,141,1,snr-greedy,5,1,,0.0,0.0,,4.25,-1.25,,23,18,,ON
1790595944.7076235,5,212,1,snr-greedy,5,2,,0.0,0.0001,,0.25,5.0,,22,19,,ON
1790595945.0275836,8,207,1,snr-greedy,5,1,,0.9892,0.9901,,12.5,12.0,,23,19,,ON
1790595946.808688,3,210,1,snr-greedy,5,2,,0.0,0.7908,,0.75,9.25,,23,20,,ON
1790595948.844609,1,208,1,snr-greedy,5,2,,0.0,0.0,,1.5,5.25,,22,21,,ON
1790595950.7105224,4,216,1,snr-greedy,5,1,,0.6534,0.0,,9.75,3.75,,22,20,,ON
1790595952.1231267,6,214,1,snr-greedy,5,1,,0.6373,0.0,,9.25,0.5,,22,20,,ON
1790595954.3670523,7,214,1,snr-greedy,5,1,,0.4781,0.0,,8.5,4.0,,22,19,,ON
1790595956.287987,10,208,0,snr-greedy,5,2,,0.0,0.9938,,-0.75,13.0,,21,20,,ON
1790595959.4674993,9,216,1,snr-greedy,5,2,,0.9356,0.9942,,10.5,13.25,,21,18,,OFF
1790595959.5154002,5,213,1,snr-greedy,5,1,,0.0723,0.0,,8.75,-0.25,,22,18,,OFF
1790595961.5566573,3,211,1,snr-greedy,5,1,,0.9932,0.9879,,12.75,11.75,,23,18,,OFF
1790595963.4675262,1,209,1,snr-greedy,5,1,,0.9912,0.9899,,12.5,12.0,,24,17,,UNKNOWN
1790595965.2934113,2,142,0,snr-greedy,5,1,,0.8943,0.8804,,13.25,12.75,,24,16,,OFF
1790595965.4366844,10,209,1,snr-greedy,5,2,,0.9938,0.9942,,13.0,13.25,,24,17,,OFF
1790595968.2951505,8,208,0,snr-greedy,5,2,,0.9896,0.9932,,12.0,12.75,,23,17,,OFF
1790595968.733991,6,215,1,snr-greedy,5,2,,0.6373,0.9915,,9.25,12.25,,22,18,,OFF
1790595969.2969956,4,217,0,snr-greedy,5,1,,0.9926,0.9853,,12.75,12.5,,23,18,,OFF
1790595969.7540224,7,215,1,snr-greedy,5,2,,0.4781,0.9942,,8.5,13.25,,23,19,,OFF
1790595974.8436198,9,217,1,snr-greedy,5,2,,0.9768,0.9942,,12.25,13.25,,22,18,,OFF
1790595977.1265016,1,210,1,snr-greedy,5,1,,0.9925,0.9914,,12.5,12.25,,20,18,,OFF
1790595978.4379778,4,218,1,snr-greedy,5,2,,0.9926,0.9937,,12.75,13.0,,19,19,,OFF
1790595979.0177372,10,210,1,snr-greedy,5,1,,0.9938,0.9938,,13.0,13.0,,19,19,,OFF
1790595980.3096237,2,143,0,snr-greedy,5,1,,0.9888,0.9881,,12.75,12.75,,20,18,,OFF
1790595980.3106022,8,209,0,snr-greedy,5,2,,0.0,0.0,,0.5,2.25,,20,19,,OFF
1790595980.3116286,3,212,0,snr-greedy,5,1,,0.9915,0.9852,,12.25,11.5,,21,19,,OFF
1790595981.4811532,6,216,1,snr-greedy,5,1,,0.9925,0.9915,,12.5,12.25,,21,18,,OFF
1790595982.5753963,7,216,1,snr-greedy,5,1,,0.9938,0.9938,,13.0,13.0,,22,18,,OFF
1790595987.6369085,9,218,1,snr-greedy,5,2,,0.9932,0.9943,,12.75,13.5,,21,18,,OFF
1790595989.3927226,5,215,1,snr-greedy,5,2,,0.0,0.994,,-0.5,13.25,,21,18,,OFF
1790595989.880665,2,144,1,snr-greedy,5,1,,0.9938,0.9938,,13.0,13.0,,22,17,,OFF
1790595990.6259105,3,213,1,snr-greedy,5,1,,0.9933,0.9924,,12.75,12.5,,23,17,,OFF
1790595992.093313,8,210,1,snr-greedy,5,1,,0.9943,0.9932,,13.5,12.75,,22,17,,OFF
1790595992.556156,1,211,1,snr-greedy,5,1,,0.9924,0.9914,,12.5,12.25,,23,17,,OFF
1790595994.8972874,4,219,1,snr-greedy,5,1,,0.9938,0.9881,,13.0,12.75,,23,16,,OFF
1790595996.252466,7,217,1,snr-greedy,5,1,,0.9943,0.9942,,13.5,13.25,,24,16,,OFF
1790595996.43815,6,217,1,snr-greedy,5,2,,0.9914,0.9924,,12.25,12.5,,23,17,,OFF
1790596000.3216076,10,211,0,snr-greedy,5,1,,0.9933,0.9926,,12.75,12.5,,24,16,,OFF
1790596003.9113421,9,219,1,snr-greedy,5,2,,0.9925,0.9939,,12.5,13.0,,22,16,,OFF
1790596005.1518013,3,214,1,snr-greedy,5,1,,0.9925,0.9855,,12.5,11.5,,22,15,,OFF
1790596005.5576813,5,216,1,snr-greedy,5,2,,0.9938,0.9938,,13.0,13.0,,22,16,,OFF
1790596007.0167956,2,145,1,snr-greedy,5,1,,0.9942,0.9938,,13.25,13.0,,23,15,,OFF
1790596007.0519137,1,212,1,snr-greedy,5,1,,0.9914,0.9914,,12.25,12.25,,24,15,,OFF
1790596007.6115046,8,211,1,snr-greedy,5,1,,0.9943,0.9925,,13.5,12.5,,25,15,,OFF
1790596008.9387853,4,220,1,snr-greedy,5,1,,0.9926,0.9901,,12.5,12.0,,26,14,,OFF
1790596008.9555717,10,212,1,snr-greedy,5,1,,0.9933,0.9926,,12.75,12.5,,27,14,,OFF
1790596012.1457956,6,218,1,snr-greedy,5,2,,0.9925,0.9924,,12.5,12.5,,25,15,,OFF
1790596012.1869588,7,218,1,snr-greedy,5,1,,0.9942,0.9938,,13.25,13.0,,26,15,,OFF
1790596019.4140089,5,217,1,snr-greedy,5,2,,0.9926,0.9938,,12.5,13.0,,25,15,,ON
1790596020.131816,3,215,1,snr-greedy,5,1,,0.0001,0.0,,6.0,1.25,,25,14,,ON
1790596020.3160512,9,220,1,snr-greedy,5,1,,0.9847,0.0037,,11.5,6.25,,26,14,,ON
1790596022.9825237,1,213,1,snr-greedy,5,2,,0.0,0.9914,,0.5,12.25,,25,15,,ON
1790596057.9141698,1,215,0,state-aware,5,2,,0.9925,0.9932,,0.9925,0.9932,,0,1,,OFF
1790596059.4496107,3,217,1,state-aware,5,2,,0.9,0.9912,,0.9,0.9912,,0,2,,OFF
1790596059.4981596,8,214,1,state-aware,5,1,,0.9943,0.9925,,0.9943,0.9925,,1,2,,OFF
1790596059.5307474,2,148,1,state-aware,5,2,,0.0,0.8342,,0.0,0.8342,,1,3,,OFF
1790596059.5560985,6,221,1,state-aware,5,2,,0.9923,0.9941,,0.9923,0.9941,,1,4,,OFF
1790596059.5753205,7,221,1,state-aware,5,2,,0.9923,0.9932,,0.9923,0.9932,,1,5,,OFF
1790596059.8399334,4,223,1,state-aware,5,1,,0.9887,0.8631,,0.9887,0.8631,,2,5,,OFF
1790596064.9165206,5,219,0,state-aware,5,1,,0.9,0.0008,,0.9,0.0008,,3,5,,OFF
1790596065.0879076,9,223,1,state-aware,5,1,,0.966,0.9,,0.966,0.9,,4,5,,OFF
1790596065.0885353,5,220,1,state-aware,5,1,,0.9,0.0008,,0.9,0.0008,,5,5,,OFF
1790596067.6601894,3,218,1,state-aware,5,1,,0.9932,0.9925,,0.9932,0.8937,,6,5,,OFF
1790596068.368416,1,216,1,state-aware,5,1,,0.9915,0.99,,0.9915,0.8917,,7,5,,OFF
1790596070.4512036,10,216,1,state-aware,5,2,,0.9941,0.9942,,0.9941,0.9942,,7,6,,OFF
1790596071.3599253,4,224,1,state-aware,5,2,,0.9932,0.9912,,0.8943,0.9912,,7,7,,OFF
1790596075.9188812,8,215,0,state-aware,5,2,,0.9942,0.9925,,0.8952,0.9925,,7,8,,ON
1790596075.919717,2,149,0,state-aware,5,2,,0.0016,0.984,,0.0016,0.8867,,7,9,,ON
1790596079.8914087,9,224,1,state-aware,5,1,,0.9815,0.0,,0.9179,0.0,,8,9,,ON
1790596081.1059163,5,221,1,state-aware,5,1,,0.0009,0.0173,,0.0674,0.0173,,9,9,,ON
1790596082.922049,6,222,0,state-aware,5,1,,0.9915,0.9914,,0.9915,0.8929,,10,9,,ON
1790596082.9235477,7,222,0,state-aware,5,1,,0.9898,0.9853,,0.9898,0.8878,,11,9,,ON
1790596083.300145,3,219,1,state-aware,5,1,,0.9931,0.9925,,0.9275,0.8937,,12,9,,ON
1790596084.7177427,1,217,1,state-aware,5,2,,0.0,0.99,,0.0667,0.8917,,12,10,,ON
1790596086.499139,4,225,1,state-aware,5,2,,0.8301,0.9912,,0.7584,0.926,,12,11,,ON
1790596089.3617902,7,223,1,state-aware,5,1,,0.9914,0.9853,,0.8928,0.8878,,13,11,,ON
1790596091.9273646,2,150,0,state-aware,5,2,,0.0,0.0,,0.0,0.0914,,13,12,,ON
1790596091.9301858,8,216,0,state-aware,5,1,,0.0053,0.0,,0.0711,0.0667,,14,12,,ON
1790596093.4496543,6,223,1,state-aware,5,1,,0.9703,0.0041,,0.8753,0.0701,,15,12,,ON
1790596094.0222175,9,225,1,state-aware,5,1,,0.9858,0.2442,,0.8984,0.2442,,16,12,,ON
1790596097.5465415,3,220,1,state-aware,5,2,,0.9925,0.9915,,0.8461,0.8929,,16,13,,UNKNOWN
1790596098.0529277,5,222,1,state-aware,5,2,,0.9937,0.9925,,0.8012,0.9925,,16,14,,OFF
1790596099.58202,2,151,1,state-aware,5,1,,0.8943,0.9939,,0.8943,0.7172,,17,14,,OFF
1790596101.2866638,10,218,1,state-aware,5,2,,0.3836,0.8887,,0.3836,0.8887,,17,15,,OFF
1790596103.2464113,7,224,1,state-aware,5,2,,0.9933,0.9933,,0.8581,0.8944,,17,16,,OFF
1790596104.9325616,1,218,0,state-aware,5,1,,0.8804,0.9924,,0.8004,0.8003,,18,16,,OFF
1790596106.5474343,6,224,1,state-aware,5,2,,0.9703,0.9915,,0.7845,0.8929,,18,17,,OFF
1790596106.9345155,8,217,0,state-aware,5,2,,0.882,0.8887,,0.7215,0.8073,,18,18,,OFF
1790596108.679697,9,226,1,state-aware,5,2,,0.9901,0.9933,,0.8978,0.9933,,18,19,,OFF
1790596110.1050544,3,221,1,state-aware,5,2,,0.9925,0.9914,,0.8461,0.8567,,18,20,,OFF
1790596112.8969302,5,223,1,state-aware,5,2,,0.9942,0.9925,,0.8016,0.8938,,18,21,,OFF
1790596114.0176864,2,152,1,state-aware,5,2,,0.0,0.8639,,0.1,0.6359,,18,22,,OFF
1790596116.270384,1,219,1,state-aware,5,2,,0.0,0.9924,,0.0914,0.8003,,18,23,,OFF
1790596116.27102,8,218,1,state-aware,5,1,,0.882,0.0,,0.7215,0.0914,,19,23,,OFF
1790596117.7012079,7,225,1,state-aware,5,1,,0.9938,0.9933,,0.8585,0.8581,,20,23,,OFF
1790596119.2174,6,225,1,state-aware,5,2,,0.9925,0.9933,,0.8003,0.858,,20,23,,OFF
1790596120.94698,10,219,0,state-aware,5,1,,0.951,0.9855,,0.951,0.9212,,19,19,,OFF
1790596122.8032403,9,227,1,state-aware,5,2,,0.9901,0.9926,,0.8978,0.9271,,19,20,,OFF
1790596122.9486308,4,227,0,state-aware,5,2,,0.9911,0.9912,,0.8926,0.926,,19,21,,OFF
1790596126.6083612,3,222,1,state-aware,5,1,,0.9925,0.9914,,0.8461,0.7756,,17,21,,OFF
1790596126.9376342,2,153,1,state-aware,5,1,,0.9944,0.9944,,0.9287,0.7324,,18,21,,OFF
1790596128.7490606,10,220,1,state-aware,5,2,,0.9924,0.994,,0.8937,0.9284,,16,22,,OFF
1790596129.063532,5,224,1,state-aware,5,1,,0.9937,0.9922,,0.8012,0.8002,,17,22,,OFF
1790596130.4777412,7,226,1,state-aware,5,2,,0.9915,0.9942,,0.8507,0.8587,,17,22,,OFF
1790596130.991231,1,220,1,state-aware,5,1,,0.9901,0.9914,,0.7986,0.7156,,18,22,,OFF
1790596131.5219564,8,219,1,state-aware,5,2,,0.9942,0.9932,,0.7174,0.8009,,18,22,,OFF
1790596133.1689272,4,228,1,state-aware,5,1,,0.9926,0.9881,,0.8938,0.8429,,19,22,,OFF
1790596134.3671129,6,226,1,state-aware,5,1,,0.9915,0.9925,,0.7996,0.7763,,20,22,,OFF
1790596138.5004506,9,228,1,state-aware,5,1,,0.9925,0.9938,,0.8993,0.847,,21,20,,OFF
1790596140.5030363,2,154,1,state-aware,5,1,,0.9944,0.9942,,0.9045,0.7322,,21,20,,ON
1790596142.0486727,5,225,1,state-aware,5,2,,0.9944,0.9944,,0.7925,0.8017,,20,21,,ON
1790596142.9006426,10,221,1,state-aware,5,2,,0.0,0.0,,0.0667,0.1943,,20,22,,ON
1790596143.3155806,7,227,1,state-aware,5,2,,0.9931,0.9942,,0.8517,0.8523,,17,23,,ON
1790596145.9709363,1,221,1,state-aware,5,1,,0.9705,0.2504,,0.7775,0.2525,,18,22,,ON
1790596146.004792,4,229,1,state-aware,5,2,,0.8732,0.9881,,0.7723,0.8429,,18,23,,ON
1790596147.6902971,6,227,1,state-aware,5,1,,0.9772,0.0317,,0.7818,0.1758,,19,22,,ON
1790596147.955637,3,223,0,state-aware,5,2,,0.9915,0.9914,,0.7637,0.7756,,19,23,,ON
1790596150.957287,8,220,0,state-aware,5,1,,0.9942,0.089,,0.7174,0.2266,,19,23,,ON
1790596152.1737676,9,229,1,state-aware,5,1,,0.9942,0.9938,,0.9057,0.847,,19,22,,ON
1790596155.2565782,2,155,1,state-aware,5,1,,0.0,0.0,,0.204,0.1799,,18,22,,ON
1790596157.6015596,5,226,1,state-aware,5,1,,0.0,0.0039,,0.171,0.0984,,19,21,,ON
1790596158.5811942,10,222,1,state-aware,5,2,,0.0,0.0,,0.0667,0.204,,19,21,,ON
1790596160.580205,4,230,1,state-aware,5,2,,0.7153,0.9881,,0.6595,0.7616,,18,22,,OFF
1790596162.9428933,6,228,1,state-aware,5,2,,0.988,0.9901,,0.711,0.7748,,18,22,,OFF
1790596164.973005,1,222,0,state-aware,5,1,,0.9865,0.0004,,0.7102,0.0962,,18,21,,OFF
1790596164.9737957,9,230,1,state-aware,5,1,,0.9937,0.9944,,0.9149,0.8474,,19,21,,OFF
1790596164.9747105,7,228,0,state-aware,5,2,,0.0062,0.9942,,0.2349,0.7713,,19,22,,OFF
1790596171.9371092,2,156,1,state-aware,5,1,,0.9942,0.9942,,0.7457,0.7322,,20,18,,OFF
1790596173.1855357,5,227,1,state-aware,5,2,,0.9938,0.9938,,0.7143,0.7171,,20,18,,OFF
1790596174.0057042,3,225,1,state-aware,5,2,,0.9941,0.9925,,0.7653,0.7763,,20,19,,OFF
1790596174.7391362,10,223,1,state-aware,5,2,,0.0,0.9843,,0.0667,0.7403,,20,19,,OFF
1790596174.837952,4,231,1,state-aware,5,1,,0.8902,0.9881,,0.7845,0.7744,,21,19,,OFF
1790596175.7309432,8,222,1,state-aware,5,1,,0.9938,0.0,,0.7171,0.171,,22,19,,OFF
1790596175.939525,7,229,1,state-aware,5,2,,0.0302,0.9942,,0.2499,0.6942,,22,20,,OFF
1790596176.0444543,1,223,1,state-aware,5,2,,0.9912,0.8792,,0.6415,0.6455,,22,21,,OFF
1790596176.8648038,6,229,1,state-aware,5,2,,0.9901,0.9901,,0.7122,0.7869,,21,21,,OFF
1790596177.7961228,9,231,1,state-aware,5,1,,0.9933,0.9942,,0.9254,0.8473,,21,21,,OFF
1790596185.6993673,2,157,1,state-aware,5,1,,0.0,0.007,,0.2741,0.1838,,21,18,,OFF
1790596186.2773328,5,228,1,state-aware,5,2,,0.9944,0.9943,,0.7146,0.7323,,21,19,,OFF
1790596188.3235395,4,232,1,state-aware,5,1,,0.9815,0.9877,,0.8444,0.7741,,20,19,,OFF
1790596189.097772,1,224,1,state-aware,5,2,,0.9915,0.9913,,0.6417,0.7307,,19,19,,OFF
1790596189.8851473,7,230,1,state-aware,5,1,,0.6054,0.0,,0.6094,0.2811,,20,19,,OFF
1790596190.2710497,8,223,1,state-aware,5,2,,0.9943,0.9935,,0.7323,0.7919,,20,20,,OFF
1790596190.610089,6,230,1,state-aware,5,2,,0.9913,0.9914,,0.7129,0.8088,,20,20,,OFF
1790596191.199359,10,224,1,state-aware,5,1,,0.9925,0.9938,,0.8937,0.671,,20,20,,OFF
1790596192.0560985,9,232,1,state-aware,5,1,,0.9925,0.9938,,0.9357,0.847,,21,19,,OFF
1790596199.5930967,5,229,1,state-aware,5,2,,0.0,0.0016,,0.1621,0.2627,,18,20,,OFF
1790596202.1660953,4,233,1,state-aware,5,1,,0.9942,0.9914,,0.8602,0.7762,,18,19,,OFF
1790596204.4050741,7,231,1,state-aware,5,1,,0.9926,0.9897,,0.8593,0.731,,19,17,,OFF
1790596204.7573924,3,227,1,state-aware,5,2,,0.9923,0.9892,,0.7642,0.7742,,19,18,,OFF
1790596205.0067637,2,158,0,state-aware,5,1,,0.8887,0.8907,,0.7523,0.6747,,20,18,,OFF
1790596205.431194,1,225,1,state-aware,5,2,,0.0,0.0,,0.1459,0.1619,,20,19,,OFF
1790596205.757565,9,233,1,state-aware,5,1,,0.9915,0.9938,,0.9451,0.847,,21,19,,OFF
1790596206.796222,10,225,1,state-aware,5,1,,0.9925,0.0556,,0.8004,0.2019,,21,18,,OFF
1790596207.3172734,6,231,1,state-aware,5,2,,0.9901,0.99,,0.7122,0.7233,,21,19,,OFF
1790596213.751592,5,230,1,state-aware,5,2,,0.0159,0.4406,,0.171,0.5379,,18,19,,ON
1790596216.199887,2,159,1,state-aware,5,2,,0.0,0.9924,,0.298,0.7312,,17,20,,ON
1790596216.7345543,4,234,1,state-aware,5,1,,0.9866,0.9914,,0.8704,0.7762,,18,20,,ON
1790596217.9123976,3,228,1,state-aware,5,2,,0.8999,0.9892,,0.7065,0.7863,,17,21,,ON
1790596218.7635536,7,232,1,state-aware,5,1,,0.9942,0.9897,,0.8742,0.731,,18,20,,ON
1790596219.2812896,9,234,1,state-aware,5,1,,0.985,0.0125,,0.9515,0.1461,,19,20,,ON
1790596220.2164903,10,226,1,state-aware,5,1,,0.9105,0.0556,,0.7401,0.2019,,20,20,,ON
1790596221.7087328,8,225,1,state-aware,5,1,,0.0,0.0,,0.1799,0.171,,21,19,,ON
1790596223.8880203,6,232,1,state-aware,5,1,,0.5912,0.0,,0.4906,0.2338,,22,18,,ON
1790596230.2198987,5,231,1,state-aware,5,2,,0.0,0.0,,0.1621,0.2889,,20,18,,OFF
1790596231.1232839,4,235,1,state-aware,5,1,,0.9933,0.9898,,0.8897,0.7753,,21,18,,OFF
1790596232.1612523,2,160,1,state-aware,5,1,,0.9938,0.9926,,0.7121,0.6582,,21,18,,OFF
1790596232.6639178,9,235,1,state-aware,5,1,,0.0996,0.7371,,0.6641,0.6636,,22,18,,OFF
1790596233.7958453,1,227,1,state-aware,5,2,,0.8694,0.9923,,0.5806,0.658,,22,18,,OFF
1790596235.8496768,10,227,1,state-aware,5,1,,0.9932,0.9942,,0.7139,0.6712,,21,16,,OFF
1790596237.6768122,8,226,1,state-aware,5,2,,0.9939,0.9925,,0.6588,0.7913,,21,14,,OFF
1790596239.025856,7,233,0,state-aware,5,1,,0.9942,0.9937,,0.8901,0.7328,,21,14,,OFF
1790596239.3214278,6,233,1,state-aware,5,2,,0.9925,0.9932,,0.6421,0.6476,,21,15,,OFF
1790596244.7571828,5,232,1,state-aware,5,1,,0.9931,0.9924,,0.7139,0.6255,,22,15,,OFF
1790596245.1662636,4,236,1,state-aware,5,1,,0.9919,0.9769,,0.9049,0.7681,,23,15,,OFF
1790596245.4640043,2,161,1,state-aware,5,1,,0.9938,0.9938,,0.7568,0.6588,,24,15,,OFF
1790596246.0858674,9,236,1,state-aware,5,1,,0.9925,0.9942,,0.9681,0.8473,,24,15,,OFF
1790596247.6766603,1,228,1,state-aware,5,2,,0.9915,0.9901,,0.6417,0.7005,,24,15,,OFF
1790596248.4339077,7,234,1,state-aware,5,1,,0.9943,0.9925,,0.7892,0.7322,,24,15,,OFF
1790596250.0115259,10,228,1,state-aware,5,1,,0.9925,0.0016,,0.7422,0.1749,,24,14,,OFF
1790596250.3740416,8,227,1,state-aware,5,2,,0.9898,0.9925,,0.6568,0.8024,,24,14,,OFF
1790596254.0226712,6,234,1,state-aware,5,1,,0.9932,0.9924,,0.6425,0.579,,23,13,,OFF
1790596254.033693,3,230,0,state-aware,5,2,,0.9922,0.988,,0.7641,0.7857,,23,14,,OFF
1790596258.3054197,2,162,1,state-aware,5,1,,0.9939,0.9933,,0.7965,0.6586,,24,14,,OFF
1790596259.3685882,5,233,1,state-aware,5,1,,0.9942,0.4892,,0.743,0.432,,25,14,,OFF
1790596259.7051911,9,237,1,state-aware,5,1,,0.0,0.1722,,0.6816,0.2602,,26,13,,ON
1790596260.4170024,1,229,1,state-aware,5,2,,0.9901,0.9901,,0.641,0.7435,,26,14,,ON
1790596262.859446,7,235,1,state-aware,5,1,,0.9885,0.0,,0.8197,0.2811,,26,14,,ON
1790596264.3562455,10,229,1,state-aware,5,1,,0.0,0.0,,0.3237,0.1741,,27,14,,ON
1790596264.9226136,8,228,1,state-aware,5,2,,0.0016,0.8526,,0.1627,0.6522,,26,14,,ON
1790596266.0416167,4,237,0,state-aware,5,1,,0.9941,0.9906,,0.9203,0.7758,,25,13,,ON
1790596269.6365466,6,235,1,state-aware,5,2,,0.99,0.9924,,0.5774,0.579,,24,13,,ON
1790596270.0447354,3,231,0,state-aware,5,1,,0.9925,0.988,,0.7643,0.7071,,25,13,,ON
1790596272.2380054,2,163,1,state-aware,5,1,,0.0,0.0,,0.4997,0.1619,,26,13,,ON
1790596274.7659142,5,234,1,state-aware,5,1,,0.9943,0.4892,,0.6666,0.432,,27,12,,ON
1790596275.3066106,9,238,1,state-aware,5,1,,0.9922,0.1722,,0.8335,0.2602,,28,12,,ON
1790596295.322677,8,230,1,round-robin,5,1,,0.9896,0.9915,,nan,nan,,1,0,,OFF
1790596295.8787498,10,231,1,round-robin,5,1,,0.9925,0.9925,,nan,nan,,2,0,,OFF
1790596300.5815723,3,233,0,round-robin,5,1,,0.9936,0.9896,,nan,nan,,3,0,,OFF
1790596302.1042612,6,237,1,round-robin,5,1,,0.9926,0.9938,,nan,nan,,4,0,,OFF
1790596304.5728045,9,240,1,round-robin,5,1,,0.9761,0.5654,,nan,nan,,5,0,,OFF
1790596305.0848405,5,236,1,round-robin,5,1,,0.9942,0.9942,,nan,nan,,6,0,,OFF
1790596307.5968025,4,240,1,round-robin,5,1,,0.9938,0.99,,nan,nan,,7,0,,OFF
1790596308.9222846,1,232,1,round-robin,5,1,,0.3766,0.0346,,nan,nan,,8,0,,OFF
1790596308.945258,7,238,1,round-robin,5,1,,0.9931,0.9,,nan,nan,,9,0,,OFF
1790596311.1329486,10,232,1,round-robin,5,2,,0.9933,0.9924,,nan,nan,,9,1,,OFF
1790596311.1516824,3,234,1,round-robin,5,2,,0.9915,0.9914,,nan,nan,,9,2,,OFF
1790596312.5984566,2,165,0,round-robin,5,1,,0.9862,0.9,,nan,nan,,10,2,,OFF
1790596314.5998502,8,231,0,round-robin,5,2,,0.9931,0.9915,,nan,nan,,10,3,,OFF
1790596318.4285965,6,238,1,round-robin,5,2,,0.9925,0.9925,,nan,nan,,10,4,,OFF
1790596319.6340268,9,241,1,round-robin,5,2,,0.9577,0.9935,,nan,nan,,10,5,,OFF
1790596319.9276776,2,166,1,round-robin,5,2,,0.0,0.0146,,nan,nan,,10,6,,OFF
1790596320.4266284,5,237,1,round-robin,5,2,,0.9943,0.9937,,nan,nan,,10,7,,OFF
1790596321.4644074,4,241,1,round-robin,5,2,,0.9942,0.9914,,nan,nan,,10,8,,OFF
1790596322.4970455,1,233,1,round-robin,5,2,,0.9932,0.9932,,nan,nan,,10,9,,OFF
1790596323.816947,7,239,1,round-robin,5,2,,0.9942,0.9925,,nan,nan,,10,10,,OFF
1790596324.3605769,8,232,1,round-robin,5,1,,0.9938,0.9932,,nan,nan,,11,10,,OFF
1790596325.5680509,10,233,1,round-robin,5,1,,0.8689,0.9942,,nan,nan,,12,10,,OFF
1790596330.6086962,3,235,0,round-robin,5,1,,0.9914,0.9881,,nan,nan,,13,10,,OFF
1790596333.020532,2,167,1,round-robin,5,1,,0.9942,0.9938,,nan,nan,,14,10,,ON
1790596334.1817677,9,242,1,round-robin,5,1,,0.9925,0.9942,,nan,nan,,15,10,,ON
1790596334.6842058,6,239,1,round-robin,5,1,,0.0174,0.0,,nan,nan,,16,10,,ON
1790596338.752384,1,234,1,round-robin,5,1,,0.0,0.0,,nan,nan,,17,10,,ON
1790596339.1602786,8,233,1,round-robin,5,2,,0.9938,0.9932,,nan,nan,,17,11,,ON
1790596339.5889826,10,234,1,round-robin,5,2,,0.0,0.9926,,nan,nan,,17,12,,ON
1790596340.6139045,4,242,0,round-robin,5,1,,0.9883,0.0004,,nan,nan,,18,12,,ON
1790596341.0330696,3,236,1,round-robin,5,2,,0.9937,0.9881,,nan,nan,,18,13,,ON
1790596343.6159563,7,240,0,round-robin,5,1,,0.9942,0.2173,,nan,nan,,19,13,,ON
1790596348.584327,2,168,1,round-robin,5,2,,0.0,0.0,,nan,nan,,19,14,,OFF
1790596350.8778284,9,243,1,round-robin,5,2,,0.0,0.0096,,nan,nan,,19,15,,OFF
1790596353.8553257,1,235,1,round-robin,5,2,,0.9924,0.9941,,nan,nan,,19,16,,OFF
1790596354.8447063,7,241,1,round-robin,5,2,,0.9943,0.9937,,nan,nan,,19,17,,OFF
1790596355.2731378,10,235,1,round-robin,5,1,,0.0,0.9801,,nan,nan,,20,17,,OFF
1790596355.6203759,5,239,0,round-robin,5,1,,0.9933,0.9916,,nan,nan,,20,17,,OFF
1790596355.6213706,6,240,0,round-robin,5,2,,0.9131,0.0,,nan,nan,,20,18,,OFF
1790596356.623622,4,243,0,round-robin,5,2,,0.994,0.8536,,nan,nan,,19,19,,OFF
1790596360.6256456,8,234,0,round-robin,5,1,,0.9933,0.9932,,nan,nan,,19,19,,OFF
1790596361.627777,3,237,0,round-robin,5,1,,0.2666,0.0337,,nan,nan,,20,19,,OFF
1790596362.9634447,2,169,1,round-robin,5,1,,0.9925,0.9942,,nan,nan,,20,19,,OFF
1790596365.5100255,5,240,1,round-robin,5,2,,0.9943,0.9942,,nan,nan,,18,20,,OFF
1790596365.8221054,4,244,1,round-robin,5,1,,0.9941,0.9898,,nan,nan,,19,20,,OFF
1790596366.909796,9,244,1,round-robin,5,1,,0.0,0.0,,nan,nan,,20,20,,OFF
1790596368.1641448,1,236,1,round-robin,5,1,,0.0,0.0,,nan,nan,,20,20,,OFF
1790596369.6209397,7,242,1,round-robin,5,1,,0.9942,0.9933,,nan,nan,,19,20,,OFF
1790596370.648937,8,235,1,round-robin,5,2,,0.9942,0.9933,,nan,nan,,19,21,,OFF
1790596371.1145687,3,238,1,round-robin,5,2,,0.9941,0.9923,,nan,nan,,19,22,,OFF
1790596372.6345096,6,241,0,round-robin,5,1,,0.987,0.8535,,nan,nan,,19,20,,OFF
1790596377.3586237,2,170,1,round-robin,5,2,,0.9933,0.9943,,nan,nan,,19,20,,OFF
1790596378.4184759,5,241,1,round-robin,5,1,,0.9942,0.9944,,nan,nan,,20,20,,OFF
1790596380.8485348,4,245,1,round-robin,5,2,,0.9574,0.9234,,nan,nan,,20,17,,OFF
1790596381.3645067,1,237,1,round-robin,5,2,,0.0,0.0,,nan,nan,,20,18,,OFF
1790596382.6879876,6,242,1,round-robin,5,2,,0.9925,0.9932,,nan,nan,,20,17,,OFF
1790596383.842897,10,237,1,round-robin,5,2,,0.0,0.9871,,nan,nan,,20,17,,OFF
1790596384.4394348,3,239,1,round-robin,5,1,,0.9906,0.9852,,nan,nan,,20,17,,OFF
1790596386.2000494,8,236,1,round-robin,5,1,,0.9933,0.9926,,nan,nan,,20,17,,OFF
1790596386.647254,9,245,0,round-robin,5,2,,0.9825,0.9817,,nan,nan,,20,18,,OFF
1790596389.649567,7,243,0,round-robin,5,2,,0.9942,0.9901,,nan,nan,,20,19,,ON
1790596390.477269,2,171,1,round-robin,5,1,,0.9933,0.9941,,nan,nan,,21,19,,ON
1790596392.7135541,5,242,1,round-robin,5,2,,0.1041,0.0,,nan,nan,,20,20,,ON
1790596394.261772,1,238,1,round-robin,5,1,,0.7925,0.484,,nan,nan,,19,20,,ON
1790596395.4267519,4,246,1,round-robin,5,1,,0.9929,0.9234,,nan,nan,,19,20,,ON
1790596396.3155859,9,246,1,round-robin,5,1,,0.99,0.0,,nan,nan,,20,20,,ON
1790596397.3403118,3,240,1,round-robin,5,2,,0.9908,0.9852,,nan,nan,,20,21,,ON
1790596397.8929322,10,238,1,round-robin,5,1,,0.0279,0.0,,nan,nan,,21,21,,ON
1790596398.7999644,6,243,1,round-robin,5,1,,0.9633,0.0,,nan,nan,,21,21,,ON
1790596399.78849,7,244,1,round-robin,5,1,,0.7287,0.0,,nan,nan,,22,19,,ON
1790596400.0957806,8,237,1,round-robin,5,2,,0.9932,0.9603,,nan,nan,,22,20,,ON
1790596406.8890378,2,172,1,round-robin,5,2,,0.0723,0.0,,nan,nan,,20,20,,OFF
1790596408.39035,5,243,1,round-robin,5,1,,0.9943,0.9944,,nan,nan,,21,20,,OFF
1790596410.9392638,1,239,1,round-robin,5,2,,0.99,0.99,,nan,nan,,21,19,,OFF
1790596413.0013983,7,245,1,round-robin,5,2,,0.0023,0.8073,,nan,nan,,21,20,,OFF
1790596413.629996,3,241,1,round-robin,5,1,,0.9932,0.9931,,nan,nan,,22,20,,OFF
1790596414.477095,6,244,1,round-robin,5,2,,0.9914,0.9932,,nan,nan,,22,20,,OFF
1790596414.6603594,9,247,0,round-robin,5,2,,0.9899,0.8689,,nan,nan,,22,21,,OFF
1790596415.4783463,8,238,1,round-robin,5,1,,0.9942,0.9938,,nan,nan,,22,20,,OFF
1790596418.6628625,10,239,0,round-robin,5,2,,0.0279,0.8974,,nan,nan,,21,19,,OFF
1790596421.0827887,2,173,1,round-robin,5,1,,0.9932,0.9944,,nan,nan,,21,19,,OFF
1790596422.7258863,5,244,1,round-robin,5,2,,0.9944,0.9938,,nan,nan,,20,20,,OFF
1790596424.5918539,9,248,1,round-robin,5,1,,0.9932,0.9931,,nan,nan,,20,20,,OFF
1790596425.7065053,4,248,1,round-robin,5,2,,0.8013,0.9912,,nan,nan,,20,20,,OFF
1790596426.119075,1,240,1,round-robin,5,1,,0.9916,0.9896,,nan,nan,,20,20,,OFF
1790596427.2684357,7,246,1,round-robin,5,1,,0.9938,0.9925,,nan,nan,,20,20,,OFF
1790596428.0461402,3,242,1,round-robin,5,2,,0.9933,0.9925,,nan,nan,,20,21,,OFF
1790596428.477167,10,240,1,round-robin,5,1,,0.9936,0.9938,,nan,nan,,20,21,,OFF
1790596428.7747073,6,245,1,round-robin,5,1,,0.9912,0.9819,,nan,nan,,21,21,,OFF
1790596430.007323,8,239,1,round-robin,5,2,,0.9933,0.9915,,nan,nan,,20,22,,OFF
1790596433.8036168,2,174,1,round-robin,5,2,,0.9932,0.9943,,nan,nan,,19,21,,ON
1790596438.4175446,5,245,1,round-robin,5,1,,0.7822,0.9938,,nan,nan,,20,20,,ON
1790596439.3444748,1,241,1,round-robin,5,2,,0.0,0.0,,nan,nan,,19,21,,ON
1790596439.8209214,7,247,1,round-robin,5,2,,0.9938,0.9925,,nan,nan,,19,22,,ON
1790596440.6465175,9,249,1,round-robin,5,2,,0.9894,0.0,,nan,nan,,19,23,,ON
1790596441.1799223,10,241,1,round-robin,5,2,,0.0,0.0,,nan,nan,,19,23,,ON
1790596446.6736953,3,243,0,round-robin,5,1,,0.0,0.9925,,nan,nan,,18,19,,ON
1790596447.6755579,4,249,0,round-robin,5,1,,0.0,0.0,,nan,nan,,19,19,,ON
1790596447.6762168,6,246,0,round-robin,5,2,,0.9914,0.9819,,nan,nan,,19,20,,ON
1790596449.861111,2,175,1,round-robin,5,1,,0.0,0.0,,nan,nan,,20,19,,ON
1790596451.6790383,8,240,0,round-robin,5,1,,0.9793,0.9915,,nan,nan,,20,19,,ON
1790596454.5752234,7,248,1,round-robin,5,1,,0.9814,0.9925,,nan,nan,,20,18,,ON
1790596457.0329902,10,242,1,round-robin,5,1,,0.0,0.0,,nan,nan,,19,18,,OFF
1790596457.3411047,3,244,1,round-robin,5,2,,0.2255,0.9925,,nan,nan,,19,18,,OFF
1790596458.4043481,4,250,1,round-robin,5,2,,0.0,0.0,,nan,nan,,18,19,,OFF
1790596459.6853015,5,246,0,round-robin,5,2,,0.0,0.9938,,nan,nan,,17,20,,OFF
1790596460.6871107,9,250,0,round-robin,5,1,,0.9937,0.0,,nan,nan,,17,19,,OFF
1790596461.357916,8,241,1,round-robin,5,2,,0.9942,0.9933,,nan,nan,,17,20,,OFF
1790596461.688695,1,242,0,round-robin,5,1,,0.9689,0.0,,nan,nan,,18,20,,OFF
1790596464.692198,6,247,0,round-robin,5,1,,0.977,0.9819,,nan,nan,,19,20,,OFF
1790596465.3277452,2,176,1,round-robin,5,2,,0.9932,0.9942,,nan,nan,,19,21,,OFF
1790596468.3950176,7,249,1,round-robin,5,2,,0.9933,0.9925,,nan,nan,,18,21,,OFF
1790596469.8582196,10,243,1,round-robin,5,2,,0.9942,0.9938,,nan,nan,,18,22,,OFF
1790596470.9592957,5,247,1,round-robin,5,1,,0.0,0.0,,nan,nan,,19,21,,OFF
1790596471.7671123,9,251,1,round-robin,5,2,,0.9925,0.9916,,nan,nan,,19,22,,OFF
1790596475.0800743,6,248,1,round-robin,5,2,,0.9915,0.9925,,nan,nan,,18,20,,OFF
1790596476.7018943,1,243,0,round-robin,5,2,,0.9689,0.7853,,nan,nan,,17,21,,OFF
1790596476.7025383,3,245,0,round-robin,5,1,,0.0,0.9925,,nan,nan,,18,21,,OFF
1790596476.703118,4,251,0,round-robin,5,1,,0.0,0.5473,,nan,nan,,19,21,,OFF
1790596476.7954605,8,242,1,round-robin,5,1,,0.9942,0.9938,,nan,nan,,20,21,,OFF
1790596478.5718899,2,177,1,round-robin,5,1,,0.9933,0.9944,,nan,nan,,21,21,,OFF
1790596487.9116902,10,244,1,round-robin,5,1,,0.9925,0.9933,,nan,nan,,18,18,,OFF
1790596487.9537246,7,250,1,round-robin,5,1,,0.9942,0.9597,,nan,nan,,19,18,,OFF
1790596487.9884956,9,252,1,round-robin,5,1,,0.99,0.1224,,nan,nan,,20,18,,OFF
1790596488.0105464,1,244,1,round-robin,5,1,,0.9933,0.9902,,nan,nan,,21,18,,OFF
1790596488.0299146,3,246,1,round-robin,5,2,,0.9941,0.994,,nan,nan,,21,19,,OFF
1790596488.0471992,4,252,1,round-robin,5,2,,0.9938,0.9931,,nan,nan,,21,19,,OFF
1790596489.4785957,6,249,1,round-robin,5,1,,0.9915,0.99,,nan,nan,,20,19,,OFF
1790596493.1819367,8,243,1,round-robin,5,2,,0.9926,0.9925,,nan,nan,,20,19,,OFF
1790596493.7107518,5,248,0,round-robin,5,2,,0.8974,0.8943,,nan,nan,,20,20,,OFF
1790596494.4043581,2,178,1,round-robin,5,2,,0.9932,0.9932,,nan,nan,,20,20,,OFF
1790596498.7110007,10,245,1,round-robin,5,2,,0.9913,0.9942,,nan,nan,,19,21,,OFF
1790596499.9636261,7,251,1,round-robin,5,2,,0.9926,0.9942,,nan,nan,,19,20,,OFF
1790596500.701383,5,249,1,round-robin,5,1,,0.9901,0.9932,,nan,nan,,20,19,,OFF
1790596501.3731537,9,253,1,round-robin,5,2,,0.9924,0.9942,,nan,nan,,20,19,,OFF
1790596502.221283,3,247,1,round-robin,5,1,,0.9933,0.9679,,nan,nan,,21,19,,OFF
1790596502.580979,1,245,1,round-robin,5,2,,0.0,0.0501,,nan,nan,,21,20,,OFF
1790596503.6523156,6,250,1,round-robin,5,2,,0.9915,0.9901,,nan,nan,,21,21,,OFF
1790596506.5163665,8,244,1,round-robin,5,1,,0.9933,0.9915,,nan,nan,,22,21,,OFF
1790596508.7179198,4,253,0,round-robin,5,1,,0.9942,0.9933,,nan,nan,,21,20,,OFF
1790596508.8618462,2,179,1,round-robin,5,1,,0.9914,0.9925,,nan,nan,,22,20,,OFF
1790596512.910533,10,246,1,round-robin,5,1,,0.9924,0.9943,,nan,nan,,21,20,,OFF
1790596514.352237,9,254,1,round-robin,5,1,,0.99,0.9925,,nan,nan,,22,20,,OFF
1790596514.7662222,5,250,1,round-robin,5,2,,0.9915,0.9925,,nan,nan,,21,21,,ON
1790596515.717875,7,252,1,round-robin,5,1,,0.9938,0.9915,,nan,nan,,22,21,,ON
1790596517.4333344,1,246,1,round-robin,5,1,,0.9867,0.0,,nan,nan,,22,20,,ON
1790596518.2027266,6,251,1,round-robin,5,1,,0.9875,0.9901,,nan,nan,,23,20,,ON
1790596521.064376,8,245,1,round-robin,5,2,,0.9849,0.9915,,nan,nan,,22,19,,ON
1790596522.9126692,2,180,1,round-robin,5,2,,0.849,0.9925,,nan,nan,,21,19,,ON
1790596544.721352,9,256,1,state-aware,6,2,,0.9925,0.9938,,0.9925,0.9938,,0,1,,OFF
1790596545.6354256,5,252,1,state-aware,6,2,,0.9899,0.9901,,0.9899,0.9901,,0,2,,OFF
1790596545.8358288,7,254,1,state-aware,6,2,,0.8945,0.9878,,0.8945,0.9878,,0,3,,OFF
1790596546.9643767,6,253,1,state-aware,6,2,,0.9899,0.9914,,0.9899,0.9914,,0,4,,OFF
1790596548.5895643,3,250,1,state-aware,6,1,,0.9914,0.9899,,0.9914,0.9899,,1,4,,OFF
1790596548.9112296,1,248,1,state-aware,6,1,,0.9938,0.9924,,0.9938,0.9924,,2,4,,OFF
1790596549.719959,4,256,1,state-aware,6,2,,0.9931,0.9938,,0.9931,0.9938,,2,5,,OFF
1790596551.5620363,8,247,1,state-aware,6,1,,0.9925,0.9915,,0.9925,0.9915,,3,5,,OFF
1790596554.1976087,2,182,1,state-aware,6,2,,0.99,0.9933,,0.99,0.9933,,3,6,,OFF
1790596556.9623034,10,249,1,state-aware,6,1,,0.9938,0.966,,0.9938,0.966,,4,6,,OFF
1790596557.2703369,9,257,1,state-aware,6,1,,0.9912,0.9933,,0.9912,0.9277,,5,6,,OFF
1790596559.2705197,7,255,1,state-aware,6,1,,0.9926,0.9925,,0.9926,0.9271,,6,6,,OFF
1790596560.9703157,5,253,1,state-aware,6,1,,0.9933,0.9901,,0.9933,0.8917,,7,6,,OFF
1790596561.3834622,6,254,1,state-aware,6,1,,0.9925,0.9938,,0.9925,0.9282,,8,6,,OFF
1790596562.6980276,3,251,1,state-aware,6,2,,0.9926,0.9901,,0.9271,0.9901,,8,7,,OFF
1790596563.1510496,1,249,1,state-aware,6,1,,0.9933,0.055,,0.9278,0.055,,9,7,,OFF
1790596563.6244905,4,257,1,state-aware,6,1,,0.9933,0.9937,,0.9933,0.9281,,10,7,,OFF
1790596564.9719136,8,248,1,state-aware,6,2,,0.9937,0.9933,,0.9281,0.9933,,10,8,,OFF
1790596568.3806312,2,183,1,state-aware,6,1,,0.9916,0.9902,,0.9916,0.9251,,11,8,,OFF
1790596570.404122,9,258,1,state-aware,6,1,,0.9925,0.9925,,0.9271,0.9271,,12,8,,OFF
1790596571.3496656,10,250,1,state-aware,6,2,,0.9943,0.9942,,0.9286,0.9942,,12,9,,OFF
1790596572.1197305,7,256,1,state-aware,6,2,,0.9938,0.9938,,0.9281,0.9282,,12,10,,OFF
1790596573.9708993,5,254,1,state-aware,6,1,,0.9942,0.9942,,0.9285,0.8952,,13,10,,OFF
1790596575.6172493,1,250,1,state-aware,6,1,,0.0111,0.0019,,0.2022,0.0019,,14,10,,OFF
1790596576.0697737,6,255,1,state-aware,6,2,,0.9925,0.9939,,0.9271,0.9282,,14,11,,OFF
1790596578.2074635,8,249,1,state-aware,6,1,,0.9925,0.9641,,0.9271,0.9034,,15,11,,OFF
1790596578.52467,4,258,1,state-aware,6,1,,0.9933,0.9915,,0.9278,0.9263,,16,11,,OFF
1790596581.2799304,3,252,0,state-aware,6,1,,0.9925,0.9915,,0.9271,0.9262,,17,11,,ON
1790596581.958735,2,184,1,state-aware,6,1,,0.9915,0.9901,,0.9263,0.9251,,18,11,,ON
1790596584.9155169,10,251,1,state-aware,6,1,,0.0,0.0,,0.1,0.1,,19,11,,ON
1790596585.362563,9,259,1,state-aware,6,1,,0.9899,0.0,,0.9014,0.1,,20,11,,ON
1790596586.7901754,7,257,1,state-aware,6,1,,0.9933,0.0305,,0.9277,0.1589,,21,11,,ON
1790596588.238421,5,255,1,state-aware,6,1,,0.0457,0.0,,0.2269,0.0667,,22,11,,ON
1790596588.9091902,1,251,1,state-aware,6,1,,0.9874,0.0,,0.8961,0.0,,23,11,,ON
1790596589.4421794,6,256,1,state-aware,6,1,,0.9878,0.9939,,0.9231,0.9042,,24,11,,ON
1790596590.488633,3,253,1,state-aware,6,2,,0.9927,0.9915,,0.8462,0.9262,,24,12,,ON
1790596592.0136287,8,250,1,state-aware,6,1,,0.9914,0.2951,,0.9024,0.3459,,25,12,,OFF
1790596592.3261285,4,259,1,state-aware,6,2,,0.9914,0.9932,,0.9025,0.9277,,25,13,,OFF
1790596598.1685123,2,185,1,state-aware,6,2,,0.9932,0.9923,,0.8465,0.9269,,25,14,,OFF
1790596599.0612857,9,260,1,state-aware,6,2,,0.9924,0.9919,,0.8992,0.9266,,25,15,,OFF
1790596599.4896116,10,252,1,state-aware,6,2,,0.9942,0.9943,,0.8473,0.9286,,25,16,,OFF
1790596600.201234,7,258,1,state-aware,6,1,,0.9925,0.9944,,0.9032,0.8474,,26,16,,OFF
1790596604.831518,6,257,1,state-aware,6,2,,0.9915,0.9942,,0.8453,0.9044,,26,16,,OFF
1790596605.43177,3,254,1,state-aware,6,2,,0.9872,0.9805,,0.8423,0.8947,,26,17,,OFF
1790596605.5069466,4,260,1,state-aware,6,1,,0.9926,0.9901,,0.9033,0.9015,,27,17,,OFF
1790596606.6243477,8,251,1,state-aware,6,2,,0.9938,0.9937,,0.8251,0.9281,,27,16,,OFF
1790596609.287219,5,256,0,state-aware,6,2,,0.9907,0.9853,,0.8232,0.8877,,25,16,,OFF
1790596611.2988923,1,252,0,state-aware,6,1,,0.0,0.0,,0.2645,0.0,,26,15,,OFF
1790596611.545643,2,186,1,state-aware,6,2,,0.9916,0.9915,,0.8454,0.9025,,26,16,,OFF
1790596614.2127268,10,253,1,state-aware,6,2,,0.003,0.9557,,0.1393,0.8769,,25,16,,OFF
1790596614.3591871,7,259,1,state-aware,6,1,,0.9933,0.9944,,0.8998,0.8474,,26,16,,OFF
1790596619.1454234,5,257,1,state-aware,6,1,,0.9942,0.6785,,0.8254,0.5761,,25,16,,ON
1790596619.2746692,6,258,1,state-aware,6,2,,0.9926,0.9896,,0.8461,0.8975,,24,17,,ON
1790596619.2925777,9,261,0,state-aware,6,2,,0.9924,0.9914,,0.8992,0.9025,,24,18,,ON
1790596619.8829663,3,255,1,state-aware,6,2,,0.0,0.9893,,0.1371,0.8973,,24,19,,ON
1790596620.0832117,8,252,1,state-aware,6,2,,0.9841,0.9915,,0.8191,0.9025,,24,20,,ON
1790596620.4575636,1,253,1,state-aware,6,1,,0.3661,0.0,,0.4211,0.0,,25,20,,ON
1790596624.2953396,4,261,0,state-aware,6,2,,0.0,0.9901,,0.279,0.9015,,21,20,,ON
1790596625.382247,2,187,1,state-aware,6,1,,0.2517,0.0,,0.3169,0.279,,22,19,,ON
1790596627.1161602,7,260,1,state-aware,6,1,,0.9932,0.9944,,0.9052,0.8474,,23,19,,ON
1790596628.3847036,9,262,1,state-aware,6,1,,0.9931,0.0,,0.8997,0.204,,23,19,,ON
1790596629.400436,10,254,1,state-aware,6,1,,0.6192,0.0,,0.5794,0.204,,24,19,,ON
1790596633.1866488,1,254,1,state-aware,6,2,,0.9938,0.9853,,0.7686,0.9853,,23,18,,OFF
1790596633.9711347,5,258,1,state-aware,6,2,,0.9942,0.9943,,0.7457,0.8017,,22,19,,OFF
1790596635.1637533,8,253,1,state-aware,6,1,,0.9916,0.9915,,0.8237,0.8237,,23,19,,OFF
1790596640.3042283,3,256,0,state-aware,6,2,,0.0,0.0,,0.1371,0.2645,,20,19,,OFF
1790596640.3050516,6,259,0,state-aware,6,2,,0.0,0.0,,0.1371,0.2645,,20,20,,OFF
1790596640.9337265,2,188,1,state-aware,6,2,,0.9916,0.9925,,0.7637,0.8993,,20,21,,OFF
1790596641.6812656,7,261,1,state-aware,6,1,,0.9932,0.9925,,0.9147,0.846,,20,21,,OFF
1790596644.021861,9,263,1,state-aware,6,2,,0.9901,0.9898,,0.8146,0.8226,,19,22,,OFF
1790596644.9844441,10,255,1,state-aware,6,2,,0.9925,0.9943,,0.7643,0.8254,,18,23,,OFF
1790596646.5695047,1,255,1,state-aware,6,2,,0.9938,0.9932,,0.7686,0.9277,,17,24,,OFF
1790596648.3130424,5,259,1,state-aware,6,1,,0.9942,0.0,,0.7457,0.171,,16,24,,OFF
1790596648.8345642,8,254,1,state-aware,6,1,,0.9932,0.9915,,0.8341,0.8237,,17,24,,OFF
1790596650.3857372,6,260,1,state-aware,6,1,,0.9901,0.9901,,0.8443,0.7332,,16,24,,OFF
1790596654.2910693,2,189,1,state-aware,6,2,,0.9938,0.9925,,0.7651,0.9048,,15,23,,OFF
1790596656.028623,7,262,1,state-aware,6,1,,0.9925,0.9938,,0.9251,0.847,,16,23,,OFF
1790596657.3158174,4,263,0,state-aware,6,2,,0.8887,0.994,,0.8345,0.9043,,16,24,,OFF
1790596657.3469143,9,264,1,state-aware,6,2,,0.9933,0.9933,,0.8163,0.8342,,16,25,,OFF
1790596660.3082678,1,256,1,state-aware,6,1,,0.9812,0.5544,,0.7629,0.5903,,16,22,,OFF
1790596661.834784,5,260,1,state-aware,6,2,,0.9925,0.9941,,0.7703,0.7923,,16,23,,OFF
1790596663.3561404,6,261,1,state-aware,6,1,,0.9915,0.9925,,0.8387,0.7343,,17,23,,OFF
1790596664.8059819,8,255,1,state-aware,6,1,,0.9926,0.0,,0.8504,0.204,,18,23,,OFF
1790596664.9550035,3,258,1,state-aware,6,1,,0.9933,0.9925,,0.8466,0.8159,,19,22,,OFF
1790596665.4135485,4,264,1,state-aware,6,1,,0.9938,0.9914,,0.9001,0.8236,,20,22,,OFF
1790596667.9000037,2,190,1,state-aware,6,2,,0.9942,0.9925,,0.7654,0.9144,,19,21,,OFF
1790596669.908006,7,263,1,state-aware,6,1,,0.9938,0.9933,,0.9363,0.8466,,20,20,,OFF
1790596671.9686596,9,265,1,state-aware,6,2,,0.9933,0.9932,,0.8163,0.8507,,19,20,,OFF
1790596673.3137672,1,257,1,state-aware,6,2,,0.9933,0.9882,,0.8016,0.9001,,19,21,,OFF
1790596675.9702616,10,257,1,state-aware,6,2,,0.9915,0.9915,,0.7637,0.8237,,18,21,,OFF
1790596677.019646,5,261,1,state-aware,6,1,,0.9931,0.9925,,0.7707,0.7135,,19,21,,OFF
1790596678.3747277,6,262,1,state-aware,6,2,,0.533,0.9615,,0.5927,0.7188,,19,22,,ON
1790596679.1774049,8,256,1,state-aware,6,1,,0.9933,0.9932,,0.8696,0.8248,,19,22,,ON
1790596682.3351886,2,191,1,state-aware,6,2,,0.0,0.0,,0.144,0.474,,18,19,,ON
1790596683.3433924,3,259,0,state-aware,6,1,,0.9942,0.9916,,0.8404,0.8154,,19,19,,ON
1790596684.363658,4,265,0,state-aware,6,1,,0.9942,0.9925,,0.9057,0.8243,,20,18,,ON
1790596684.3647048,7,264,1,state-aware,6,1,,0.0733,0.0,,0.592,0.1371,,21,18,,ON
1790596685.0603118,9,266,1,state-aware,6,2,,0.9932,0.9925,,0.8163,0.8693,,21,19,,ON
1790596689.090854,1,258,1,state-aware,6,2,,0.7788,0.9882,,0.7123,0.8216,,18,20,,ON
1790596694.8372493,6,263,1,state-aware,6,1,,0.0,0.0,,0.2965,0.2078,,18,18,,OFF
1790596695.3187585,4,266,1,state-aware,6,2,,0.9942,0.9913,,0.8152,0.8236,,17,19,,OFF
1790596697.3704607,10,258,0,state-aware,6,2,,0.8535,0.9855,,0.6774,0.7409,,17,20,,OFF
1790596697.3712528,5,262,0,state-aware,6,1,,0.9931,0.9856,,0.7997,0.7097,,18,20,,OFF
1790596697.890527,2,192,1,state-aware,6,2,,0.9942,0.9922,,0.7654,0.8189,,18,21,,OFF
1790596698.9463234,7,265,1,state-aware,6,1,,0.9933,0.9925,,0.9545,0.8461,,19,21,,OFF
1790596699.7604256,9,267,1,state-aware,6,1,,0.9925,0.9924,,0.8159,0.7712,,20,21,,OFF
1790596700.374013,3,260,0,state-aware,6,2,,0.0,0.0,,0.2076,0.2645,,20,20,,OFF
1790596700.3748903,8,257,0,state-aware,6,2,,0.9942,0.9925,,0.7719,0.8243,,20,21,,OFF
1790596703.8160844,1,259,1,state-aware,6,1,,0.9933,0.99,,0.8016,0.7434,,20,20,,OFF
1790596706.3962805,5,263,1,state-aware,6,2,,0.9932,0.9944,,0.7118,0.7146,,20,19,,OFF
1790596707.7421162,6,264,1,state-aware,6,2,,0.1579,0.8689,,0.4458,0.6027,,20,19,,OFF
1790596709.491533,4,267,1,state-aware,6,2,,0.9942,0.9925,,0.8152,0.8337,,18,20,,OFF
1790596709.9608881,3,261,1,state-aware,6,1,,0.994,0.991,,0.7599,0.7336,,19,20,,OFF
1790596710.6048784,8,258,1,state-aware,6,1,,0.9938,0.9916,,0.7718,0.7443,,19,20,,OFF
1790596712.0307388,2,193,1,state-aware,6,2,,0.9944,0.9925,,0.7655,0.847,,19,21,,OFF
1790596713.4010696,10,259,0,state-aware,6,1,,0.9927,0.9924,,0.7645,0.6703,,20,21,,OFF
1790596713.4861374,7,266,1,state-aware,6,1,,0.4912,0.2505,,0.7946,0.316,,21,21,,OFF
1790596714.270426,9,268,1,state-aware,6,1,,0.9925,0.9933,,0.8343,0.7716,,22,21,,ON
1790596717.3212376,1,260,1,state-aware,6,1,,0.9883,0.4851,,0.8305,0.4629,,22,19,,ON
1790596721.0543828,6,265,1,state-aware,6,1,,0.48,0.0,,0.6069,0.2944,,22,18,,ON
1790596722.3427904,4,268,1,state-aware,6,2,,0.0808,0.1612,,0.3585,0.4347,,22,18,,ON
1790596725.7462256,2,194,1,state-aware,6,2,,0.9904,0.9925,,0.763,0.8719,,18,19,,ON
1790596727.706135,9,269,1,state-aware,6,1,,0.9881,0.0556,,0.8533,0.3809,,19,19,,OFF
1790596728.5402849,7,267,1,state-aware,6,1,,0.5474,0.0,,0.829,0.1371,,20,18,,OFF
1790596729.40931,3,262,0,state-aware,6,1,,0.992,0.991,,0.7829,0.7336,,21,18,,OFF
1790596730.411211,10,260,0,state-aware,6,1,,0.3651,0.002,,0.3394,0.1751,,21,18,,OFF
1790596732.8336303,1,261,1,state-aware,6,2,,0.9938,0.9924,,0.7313,0.7447,,21,18,,OFF
1790596736.2732177,6,266,1,state-aware,6,1,,0.9923,0.9942,,0.7712,0.7087,,22,16,,OFF
1790596737.7227614,5,265,1,state-aware,6,2,,0.0,0.9808,,0.298,0.707,,21,17,,OFF
1790596738.112388,4,269,1,state-aware,6,1,,0.9937,0.9898,,0.8149,0.7589,,22,17,,OFF
1790596738.8698852,3,263,1,state-aware,6,2,,0.9938,0.9925,,0.7021,0.7343,,22,17,,OFF
1790596742.3551495,7,268,1,state-aware,6,1,,0.5474,0.0,,0.8426,0.1371,,22,16,,OFF
1790596745.419395,8,260,0,state-aware,6,1,,0.9944,0.9937,,0.772,0.7455,,20,15,,OFF
1790596745.4210246,10,261,0,state-aware,6,2,,0.0,0.1102,,0.1229,0.2292,,20,16,,OFF
1790596747.4235923,9,270,0,state-aware,6,1,,0.9765,0.0556,,0.8693,0.3809,,21,16,,OFF
1790596748.4120746,1,262,1,state-aware,6,1,,0.9938,0.9925,,0.7313,0.6703,,22,16,,OFF
1790596750.92516,6,267,1,state-aware,6,1,,0.9915,0.9933,,0.8037,0.7083,,23,15,,OFF
1790596751.7399561,5,266,1,state-aware,6,2,,0.9911,0.9819,,0.7109,0.7369,,23,16,,OFF
1790596752.098427,4,270,1,state-aware,6,1,,0.9938,0.9914,,0.8384,0.7597,,24,16,,OFF
1790596755.7003798,10,262,1,state-aware,6,1,,0.9909,0.9924,,0.6183,0.603,,24,15,,OFF
1790596756.4310832,8,261,1,state-aware,6,2,,0.9925,0.9931,,0.6836,0.7452,,24,16,,OFF
1790596758.1372864,9,271,1,state-aware,6,1,,0.9932,0.9931,,0.7723,0.7715,,24,14,,OFF
1790596761.4342577,2,196,0,state-aware,6,2,,0.9932,0.9925,,0.7647,0.8719,,22,13,,OFF
1790596761.4354818,7,269,0,state-aware,6,1,,0.9913,0.9817,,0.9777,0.8384,,23,13,,OFF
1790596762.288257,1,263,1,state-aware,6,1,,0.9944,0.9924,,0.777,0.6703,,24,13,,OFF
1790596765.2546644,6,268,1,state-aware,6,1,,0.9925,0.9925,,0.8344,0.708,,24,13,,OFF
1790596767.2980947,4,271,1,state-aware,6,2,,0.9938,0.9911,,0.7449,0.7595,,24,13,,OFF
1790596767.9848902,5,267,1,state-aware,6,1,,0.9915,0.9938,,0.7111,0.6664,,25,12,,OFF
1790596769.147804,10,263,1,state-aware,6,1,,0.9914,0.9914,,0.667,0.6025,,26,12,,OFF
1790596770.7156055,2,197,1,state-aware,6,2,,0.0,0.9925,,0.144,0.7601,,24,12,,OFF
1790596771.6004326,8,262,1,state-aware,6,1,,0.9931,0.9932,,0.6839,0.6707,,25,12,,OFF
1790596773.3762908,9,272,1,state-aware,6,2,,0.9915,0.9925,,0.6803,0.7712,,25,12,,OFF
1790596776.2781682,1,264,1,state-aware,6,1,,0.9933,0.9915,,0.8155,0.6698,,23,12,,OFF
1790596776.4438608,3,265,0,state-aware,6,2,,0.8889,0.9918,,0.6544,0.734,,23,13,,OFF
1790596802.4147847,3,267,1,snr-greedy,6,1,,0.9933,0.9915,,12.75,12.25,,1,0,,OFF
1790596803.685443,9,274,1,snr-greedy,6,2,,0.9925,0.9923,,12.5,12.5,,1,1,,OFF
1790596804.884331,2,199,0,snr-greedy,6,2,,0.0,0.7811,,5.0,9.5,,1,2,,OFF
1790596805.4452467,1,266,1,snr-greedy,6,1,,0.9942,0.9914,,13.25,12.25,,2,2,,OFF
1790596806.886139,8,264,0,snr-greedy,6,1,,0.9878,0.6027,,12.5,9.0,,3,2,,OFF
1790596808.888243,7,272,0,snr-greedy,6,2,,0.9862,0.9878,,12.25,12.5,,3,3,,OFF
1790596811.0607483,6,271,1,snr-greedy,6,2,,0.9925,0.9925,,12.5,12.5,,3,4,,OFF
1790596814.1337516,2,200,1,snr-greedy,6,2,,0.8333,0.9853,,12.0,12.25,,3,5,,OFF
1790596815.4483497,4,274,1,snr-greedy,6,2,,0.966,0.9897,,10.75,12.0,,3,6,,OFF
1790596815.5328147,5,270,1,snr-greedy,6,2,,0.9915,0.9938,,12.25,13.0,,3,7,,OFF
1790596816.4936247,8,265,1,snr-greedy,6,2,,0.4206,0.9882,,9.25,11.75,,3,8,,OFF
1790596818.0277684,9,275,1,snr-greedy,6,2,,0.9925,0.9933,,12.5,12.75,,3,9,,OFF
1790596818.620362,7,273,1,snr-greedy,6,1,,0.9933,0.9901,,12.75,12.0,,4,9,,OFF
1790596819.5681612,1,267,1,snr-greedy,6,1,,0.9933,0.9901,,12.75,12.0,,5,9,,OFF
1790596819.891198,10,266,0,snr-greedy,6,2,,0.9,0.9503,,-999.0,10.5,,5,10,,OFF
1790596821.89615,3,268,0,snr-greedy,6,2,,0.9925,0.9937,,12.5,13.0,,5,11,,OFF
1790596826.9942026,6,272,1,snr-greedy,6,2,,0.9914,0.9924,,12.25,12.5,,5,12,,OFF
1790596827.1042924,2,201,1,snr-greedy,6,1,,0.9937,0.9933,,13.0,12.75,,6,12,,OFF
1790596828.7825346,10,267,1,snr-greedy,6,2,,0.9925,0.9931,,12.5,12.75,,6,13,,OFF
1790596829.1609747,5,271,1,snr-greedy,6,2,,0.9921,0.9923,,12.5,12.5,,6,14,,OFF
1790596830.0632422,4,275,1,snr-greedy,6,1,,0.9941,0.9913,,13.25,12.25,,7,14,,OFF
1790596831.5467253,7,274,1,snr-greedy,6,1,,0.3658,0.0,,9.0,5.25,,8,14,,OFF
1790596832.1495004,3,269,1,snr-greedy,6,1,,0.9915,0.99,,12.25,12.0,,9,14,,OFF
1790596832.9518497,9,276,1,snr-greedy,6,1,,0.9924,0.9914,,12.5,12.25,,10,14,,OFF
1790596834.6225882,1,268,1,snr-greedy,6,1,,0.9938,0.9916,,13.0,12.25,,11,14,,OFF
1790596835.9005318,8,266,0,snr-greedy,6,1,,0.9583,0.9936,,13.0,13.0,,12,14,,OFF
1790596841.4493427,10,268,1,snr-greedy,6,2,,0.9901,0.9925,,12.0,12.5,,12,15,,OFF
1790596842.3153603,2,202,1,snr-greedy,6,2,,0.9937,0.9938,,13.0,13.0,,12,16,,OFF
1790596842.7947977,6,273,1,snr-greedy,6,2,,0.9924,0.9938,,12.5,13.0,,12,17,,OFF
1790596844.4513917,5,272,1,snr-greedy,6,2,,0.9915,0.9938,,12.25,13.0,,12,18,,OFF
1790596844.9191637,8,267,1,snr-greedy,6,2,,0.0,0.418,,4.0,9.0,,12,19,,OFF
1790596845.3425758,3,270,1,snr-greedy,6,1,,0.9942,0.9924,,13.25,12.5,,13,19,,OFF
1790596845.6736805,4,276,1,snr-greedy,6,1,,0.9942,0.9936,,13.25,13.0,,14,19,,OFF
1790596847.533822,9,277,1,snr-greedy,6,2,,0.9937,0.994,,13.0,13.25,,14,20,,ON
1790596850.2698348,1,269,1,snr-greedy,6,1,,0.611,0.3629,,8.75,8.25,,15,20,,ON
1790596856.3239143,6,274,1,snr-greedy,6,2,,0.9101,0.9938,,13.0,13.0,,15,21,,ON
1790596857.0068715,2,203,1,snr-greedy,6,2,,0.0,0.0082,,1.25,6.5,,15,22,,ON
1790596858.3637817,3,271,1,snr-greedy,6,2,,0.0,0.0,,-2.5,0.75,,15,23,,ON
1790596858.9905999,4,277,1,snr-greedy,6,2,,0.6601,0.9936,,9.25,13.0,,15,24,,OFF
1790596860.116746,7,276,1,snr-greedy,6,1,,0.9265,0.0,,12.25,4.25,,16,24,,OFF
1790596863.9135172,8,268,0,snr-greedy,6,2,,0.0,0.0,,3.25,3.5,,15,24,,OFF
1790596863.9571016,9,278,1,snr-greedy,6,1,,0.9932,0.9924,,12.75,12.5,,16,24,,OFF
1790596866.7815518,1,270,1,snr-greedy,6,1,,0.9938,0.9915,,13.0,12.25,,16,23,,OFF
1790596871.9990954,6,275,1,snr-greedy,6,2,,0.0016,0.7421,,7.0,9.75,,15,22,,OFF
1790596872.9204168,3,272,1,snr-greedy,6,1,,0.9924,0.9878,,12.5,11.75,,16,22,,OFF
1790596873.6237104,10,270,1,snr-greedy,6,1,,0.981,0.9923,,13.0,12.5,,17,22,,OFF
1790596873.690072,2,204,1,snr-greedy,6,1,,0.9941,0.9932,,13.5,12.75,,18,22,,OFF
1790596875.5845373,8,269,1,snr-greedy,6,2,,0.9914,0.9924,,12.25,12.5,,18,20,,OFF
1790596875.6198292,5,274,1,snr-greedy,6,2,,0.9916,0.9933,,12.25,12.75,,18,21,,OFF
1790596876.921885,4,278,0,snr-greedy,6,1,,0.9689,0.9883,,12.25,11.75,,19,20,,OFF
1790596877.6172051,9,279,1,snr-greedy,6,2,,0.9915,0.9925,,12.25,12.5,,19,21,,OFF
1790596878.9234612,7,277,0,snr-greedy,6,1,,0.7271,0.0029,,9.25,7.25,,19,20,,OFF
1790596881.218431,1,271,1,snr-greedy,6,1,,0.9942,0.9924,,13.25,12.5,,19,19,,ON
1790596886.3501673,6,276,1,snr-greedy,6,1,,0.2571,0.0,,8.25,1.0,,20,18,,ON
1790596891.1113825,4,279,1,snr-greedy,6,1,,0.9898,0.9883,,12.0,11.75,,19,15,,OFF
1790596891.5572665,7,278,1,snr-greedy,6,2,,0.0002,0.0029,,6.25,7.25,,18,16,,OFF
1790596894.416532,9,280,1,snr-greedy,6,1,,0.9931,0.9825,,12.75,12.5,,17,16,,OFF
1790596895.9288926,2,205,0,snr-greedy,6,1,,0.9941,0.854,,13.5,9.5,,16,16,,OFF
1790596896.8342106,1,272,1,snr-greedy,6,1,,0.9942,0.9924,,13.25,12.5,,17,16,,OFF
1790596896.9300046,10,271,0,snr-greedy,6,2,,0.0082,0.926,,6.5,10.0,,17,17,,OFF
1790596901.2712283,6,277,1,snr-greedy,6,2,,0.9899,0.9897,,12.0,12.0,,17,18,,OFF
1790596901.7960117,3,274,1,snr-greedy,6,1,,0.9923,0.99,,12.5,12.0,,18,17,,OFF
1790596903.0717163,4,280,1,snr-greedy,6,1,,0.9933,0.9933,,12.75,12.75,,19,15,,OFF
1790596905.0642276,2,206,1,snr-greedy,6,1,,0.9932,0.9914,,12.75,12.25,,20,13,,OFF
1790596905.5925922,8,271,1,snr-greedy,6,1,,0.9938,0.9938,,13.0,13.0,,20,13,,OFF
1790596905.6693673,7,279,1,snr-greedy,6,1,,0.9903,0.9878,,12.5,12.25,,21,13,,OFF
1790596906.6547382,5,276,1,snr-greedy,6,2,,0.9932,0.9944,,12.75,13.5,,20,14,,OFF
1790596909.0561774,9,281,1,snr-greedy,6,2,,0.9925,0.9925,,12.5,12.5,,20,14,,OFF
1790596910.801887,1,273,1,snr-greedy,6,1,,0.9942,0.9914,,13.25,12.25,,20,14,,OFF
1790596910.937566,10,272,0,snr-greedy,6,2,,0.8365,0.99,,12.0,12.0,,20,15,,OFF
1790596914.0318334,6,278,1,snr-greedy,6,2,,0.9922,0.9932,,12.5,12.75,,20,16,,OFF
1790596917.1412797,3,275,1,snr-greedy,6,1,,0.9933,0.9933,,12.75,12.75,,21,14,,OFF
1790596919.0118172,4,281,1,snr-greedy,6,2,,0.9933,0.9933,,12.75,12.75,,21,13,,OFF
1790596919.0494273,2,207,1,snr-greedy,6,2,,0.9932,0.9932,,12.75,12.75,,21,14,,OFF
1790596919.2815502,10,273,1,snr-greedy,6,1,,0.9914,0.9901,,12.25,12.0,,22,14,,OFF
1790596920.3061867,8,272,1,snr-greedy,6,2,,0.0,0.0323,,3.5,8.25,,21,15,,OFF
1790596922.8690832,5,277,1,snr-greedy,6,2,,0.9923,0.9941,,12.5,13.25,,21,16,,OFF
1790596923.2710328,9,282,1,snr-greedy,6,2,,0.9915,0.9939,,12.25,13.0,,21,17,,OFF
1790596926.0626183,1,274,1,snr-greedy,6,1,,0.9938,0.9882,,13.0,11.75,,21,16,,ON
1790596926.9460034,7,280,0,snr-greedy,6,1,,0.9924,0.9912,,12.5,12.25,,21,16,,ON
1790596930.4367886,6,279,1,snr-greedy,6,1,,0.9907,0.9932,,12.75,12.75,,22,16,,ON
1790596932.3621528,4,282,1,snr-greedy,6,1,,0.3797,0.0,,9.0,0.75,,23,15,,ON
1790596933.079639,2,208,1,snr-greedy,6,1,,0.0,0.0,,-0.25,-0.75,,23,15,,ON
1790596936.9532769,3,276,0,snr-greedy,6,2,,0.8535,0.9933,,12.25,12.75,,20,14,,ON
1790596936.989821,9,283,1,snr-greedy,6,2,,0.99,0.9939,,12.0,13.0,,20,15,,ON
1790596939.9622285,10,274,0,snr-greedy,6,2,,0.0,0.0,,0.0,3.75,,19,15,,ON
1790596939.9634402,8,273,0,snr-greedy,6,1,,0.0,0.0,,0.75,0.75,,20,15,,ON
1790596940.9656816,7,281,0,snr-greedy,6,1,,0.8526,0.0002,,9.5,6.25,,21,15,,ON
1790596941.5916793,1,275,1,snr-greedy,6,1,,0.992,0.9882,,12.5,11.75,,21,15,,ON
1790596944.9759717,5,278,0,snr-greedy,6,2,,0.0,0.0,,2.0,2.75,,21,16,,ON
1790596946.4051101,6,280,1,snr-greedy,6,1,,0.0053,0.0,,7.5,2.0,,21,16,,ON
1790596948.0812025,4,283,1,snr-greedy,6,1,,0.0552,0.0,,8.5,1.0,,22,16,,ON
1790596949.310009,2,209,1,snr-greedy,6,1,,0.9005,0.0,,11.75,-0.75,,23,16,,OFF
1790596951.2548823,9,284,1,snr-greedy,6,1,,0.0,0.0,,4.5,-1.75,,23,16,,OFF
1790596953.3031714,5,279,1,snr-greedy,6,2,,0.9942,0.9942,,13.25,13.25,,23,16,,OFF
1790596955.9816785,10,275,0,snr-greedy,6,1,,0.8333,0.0,,12.0,3.75,,22,16,,OFF
1790596956.9836967,8,274,0,snr-greedy,6,1,,0.0,0.0,,3.5,3.25,,22,15,,OFF
1790596957.2724946,1,276,1,snr-greedy,6,1,,0.9938,0.9925,,13.0,12.5,,23,15,,OFF
1790596961.1506495,3,278,1,snr-greedy,6,2,,0.0,0.0,,2.0,2.0,,23,16,,OFF
1790596961.687209,6,281,1,snr-greedy,6,2,,0.0,0.0,,-0.5,4.5,,23,16,,OFF
1790596961.9878733,2,210,1,snr-greedy,6,2,,0.9913,0.9933,,12.25,12.75,,22,17,,OFF
1790596964.861395,9,285,1,snr-greedy,6,2,,0.9875,0.993,,12.75,12.75,,21,18,,OFF
1790596966.617974,7,283,1,snr-greedy,6,2,,0.9915,0.9919,,12.25,12.5,,18,19,,OFF
1790596969.2990093,5,280,1,snr-greedy,6,1,,0.9938,0.9901,,13.0,12.0,,19,17,,OFF
1790596971.2187757,1,277,1,snr-greedy,6,2,,0.9938,0.9936,,13.0,13.0,,18,17,,OFF
1790596971.9936156,8,275,0,snr-greedy,6,1,,0.9894,0.9867,,13.0,12.75,,19,17,,OFF
1790596971.9945412,10,276,0,snr-greedy,6,1,,0.7457,0.0,,9.5,3.25,,20,17,,OFF
1790596977.0271547,6,282,1,snr-greedy,6,2,,0.9932,0.9942,,12.75,13.25,,20,17,,OFF
1790596977.7379103,4,285,1,snr-greedy,6,2,,0.9925,0.9932,,12.5,12.75,,19,18,,OFF
1790596978.3546062,9,286,1,snr-greedy,6,2,,0.9925,0.9926,,12.5,12.5,,19,19,,OFF
1790596979.5031323,7,284,1,snr-greedy,6,2,,0.9925,0.9933,,12.5,12.75,,18,18,,OFF
1790596981.3164434,8,276,1,snr-greedy,6,1,,0.9926,0.9915,,12.5,12.25,,19,17,,OFF
1790596982.0004156,3,279,0,snr-greedy,6,1,,0.8887,0.8689,,13.0,12.5,,20,17,,OFF
1790596982.5764694,5,281,1,snr-greedy,6,1,,0.9938,0.9932,,13.0,12.75,,21,17,,OFF
1790596983.0752857,10,277,1,snr-greedy,6,2,,0.9925,0.9924,,12.5,12.5,,21,17,,OFF
1790596986.038629,1,278,1,snr-greedy,6,1,,0.9938,0.9925,,13.0,12.5,,22,16,,OFF
1790596990.7712488,6,283,1,snr-greedy,6,2,,0.0008,0.0979,,6.75,7.5,,19,17,,ON
1790596991.2496681,4,286,1,snr-greedy,6,1,,0.6025,0.0,,8.75,4.25,,20,17,,ON
1790596991.8859491,9,287,1,snr-greedy,6,1,,0.9803,0.0,,11.25,4.5,,21,17,,ON
1790596995.468465,5,282,1,snr-greedy,6,2,,0.0,0.0,,-2.75,-1.0,,19,18,,ON
1790596996.0016296,7,285,1,snr-greedy,6,1,,0.2792,0.0,,8.5,1.75,,20,18,,ON
1790596996.0071661,2,212,0,snr-greedy,6,1,,0.955,0.9464,,11.5,10.25,,21,18,,ON
1790596997.0091255,3,280,0,snr-greedy,6,2,,0.0,0.8689,,1.25,12.5,,21,17,,ON
1790596997.6978505,10,278,1,snr-greedy,6,1,,0.0723,0.2516,,8.75,8.0,,22,17,,ON
1790597000.510509,1,279,1,snr-greedy,6,1,,0.9937,0.9925,,13.25,12.5,,22,16,,ON
1790597004.2847536,4,287,1,snr-greedy,6,1,,0.2222,0.0,,8.75,2.25,,21,16,,ON
1790597006.1100833,2,213,1,snr-greedy,6,1,,0.986,0.9464,,12.0,10.25,,22,15,,ON
1790597008.9002533,7,286,1,snr-greedy,6,1,,0.9936,0.0,,13.0,1.75,,21,15,,OFF
1790597010.0159876,9,288,0,snr-greedy,6,1,,0.9937,0.0,,13.25,4.5,,21,15,,OFF
1790597011.0254056,6,284,0,snr-greedy,6,1,,0.4843,0.0077,,9.0,7.5,,22,15,,OFF
1790597011.0260649,5,283,1,snr-greedy,6,2,,0.9933,0.9944,,12.75,13.5,,22,16,,OFF
1790597013.3898137,10,279,1,snr-greedy,6,2,,0.9901,0.9925,,12.0,12.5,,21,16,,OFF
1790597015.3219292,1,280,1,snr-greedy,6,1,,0.9933,0.9926,,12.75,12.5,,22,16,,OFF
1790597017.6046963,4,288,1,snr-greedy,6,2,,0.9925,0.9932,,12.5,12.75,,19,17,,OFF
1790597020.0492818,6,285,1,snr-greedy,6,1,,0.1388,0.0098,,8.5,7.75,,20,17,,OFF
1790597020.1609578,9,289,1,snr-greedy,6,2,,0.097,0.8535,,8.75,12.25,,20,18,,OFF
1790597020.4738543,2,214,1,snr-greedy,6,1,,0.9925,0.9915,,12.5,12.25,,21,18,,OFF
1790597022.7819734,7,287,1,snr-greedy,6,1,,0.6091,0.0,,8.75,-0.5,,22,15,,OFF
1790597023.212222,3,282,1,snr-greedy,6,1,,0.9922,0.9913,,12.5,12.25,,23,15,,OFF
1790597024.3275526,8,279,1,snr-greedy,6,1,,0.9925,0.9915,,12.5,12.25,,24,15,,OFF
1790597025.1414087,5,284,1,snr-greedy,6,1,,0.9939,0.9933,,13.0,12.75,,25,14,,OFF
1790597026.2998526,10,280,1,snr-greedy,6,1,,0.9925,0.9925,,12.5,12.5,,26,14,,OFF
1790597049.096773,6,287,1,round-robin,6,1,,0.9925,0.9899,,nan,nan,,1,0,,ON
1790597049.7471797,2,216,1,round-robin,6,1,,0.2255,0.0053,,nan,nan,,2,0,,ON
1790597051.1506214,9,291,1,round-robin,6,1,,0.9923,0.9,,nan,nan,,3,0,,ON
1790597052.1710904,3,284,1,round-robin,6,1,,0.0,0.0002,,nan,nan,,4,0,,ON
1790597052.5194073,7,289,1,round-robin,6,1,,0.0966,0.0,,nan,nan,,5,0,,ON
1790597056.2747016,10,282,1,round-robin,6,1,,0.0041,0.9712,,nan,nan,,6,0,,ON
1790597061.1364582,4,291,1,round-robin,6,1,,0.1102,0.9,,nan,nan,,7,0,,ON
1790597063.6477256,9,292,1,round-robin,6,2,,0.9916,0.9,,nan,nan,,7,1,,ON
1790597065.0191321,2,217,1,round-robin,6,2,,0.9922,0.5511,,nan,nan,,7,2,,ON
1790597065.576416,1,283,0,round-robin,6,1,,0.9904,0.0,,nan,nan,,8,2,,ON
1790597065.698476,7,290,1,round-robin,6,2,,0.7324,0.0,,nan,nan,,8,3,,ON
1790597071.112972,10,283,1,round-robin,6,2,,0.5494,0.9712,,nan,nan,,8,4,,OFF
1790597072.5794904,3,285,0,round-robin,6,2,,0.0,0.0002,,nan,nan,,8,5,,OFF
1790597073.1049345,5,287,1,round-robin,6,1,,0.9933,0.9933,,nan,nan,,9,5,,OFF
1790597074.5440876,4,292,1,round-robin,6,2,,0.9925,0.9938,,nan,nan,,9,6,,OFF
1790597075.5812905,8,282,0,round-robin,6,1,,0.0,0.0,,nan,nan,,10,6,,OFF
1790597076.982632,1,284,1,round-robin,6,2,,0.9938,0.9925,,nan,nan,,10,7,,OFF
1790597079.325787,9,293,1,round-robin,6,1,,0.9923,0.9941,,nan,nan,,11,7,,OFF
1790597081.3060536,2,218,1,round-robin,6,1,,0.9936,0.9932,,nan,nan,,12,7,,OFF
1790597081.6082048,6,289,1,round-robin,6,2,,0.0,0.1908,,nan,nan,,12,8,,OFF
1790597085.0951488,8,283,1,round-robin,6,2,,0.9915,0.9914,,nan,nan,,12,9,,OFF
1790597086.0006518,5,288,1,round-robin,6,2,,0.9926,0.9902,,nan,nan,,12,10,,OFF
1790597087.3094409,10,284,1,round-robin,6,1,,0.9932,0.9924,,nan,nan,,13,10,,OFF
1790597087.5843043,3,286,0,round-robin,6,1,,0.0,0.0,,nan,nan,,14,10,,OFF
1790597087.585189,7,291,0,round-robin,6,1,,0.9747,0.8535,,nan,nan,,15,10,,OFF
1790597089.0555298,4,293,1,round-robin,6,1,,0.9933,0.9933,,nan,nan,,16,10,,OFF
1790597090.4638097,1,285,1,round-robin,6,1,,0.9938,0.9938,,nan,nan,,17,10,,OFF
1790597092.6534364,9,294,1,round-robin,6,2,,0.9915,0.9926,,nan,nan,,17,11,,OFF
1790597094.7179143,2,219,1,round-robin,6,2,,0.9933,0.9925,,nan,nan,,17,12,,OFF
1790597098.0923853,6,290,1,round-robin,6,1,,0.9876,0.9904,,nan,nan,,18,12,,OFF
1790597098.3551905,8,284,1,round-robin,6,1,,0.9925,0.988,,nan,nan,,19,12,,OFF
1790597098.4690773,7,292,1,round-robin,6,2,,0.9923,0.9877,,nan,nan,,19,13,,OFF
1790597100.213679,10,285,1,round-robin,6,2,,0.99,0.9925,,nan,nan,,19,14,,OFF
1790597100.752315,5,289,1,round-robin,6,1,,0.9938,0.9943,,nan,nan,,20,14,,OFF
1790597103.2049282,4,294,1,round-robin,6,2,,0.9914,0.9925,,nan,nan,,20,15,,OFF
1790597103.5902755,3,287,0,round-robin,6,2,,0.9881,0.9872,,nan,nan,,20,16,,OFF
1790597104.8034112,1,286,1,round-robin,6,2,,0.9938,0.9901,,nan,nan,,20,17,,OFF
1790597105.4327846,9,295,1,round-robin,6,1,,0.9915,0.9925,,nan,nan,,21,17,,OFF
1790597107.7176547,2,220,1,round-robin,6,1,,0.9902,0.9915,,nan,nan,,22,17,,OFF
1790597111.994906,8,285,1,round-robin,6,2,,0.0,0.0,,nan,nan,,19,18,,OFF
1790597113.5256653,3,288,1,round-robin,6,1,,0.9932,0.0,,nan,nan,,18,18,,OFF
1790597114.0249653,7,293,1,round-robin,6,1,,0.9882,0.9915,,nan,nan,,19,18,,OFF
1790597114.4374309,5,290,1,round-robin,6,2,,0.9938,0.9938,,nan,nan,,19,19,,OFF
1790597115.6838272,4,295,1,round-robin,6,1,,0.9925,0.9938,,nan,nan,,20,19,,OFF
1790597116.4175804,10,286,1,round-robin,6,1,,0.9923,0.9914,,nan,nan,,20,19,,OFF
1790597118.3402658,9,296,1,round-robin,6,2,,0.9925,0.9915,,nan,nan,,20,20,,OFF
1790597118.5963862,6,291,0,round-robin,6,2,,0.9902,0.9938,,nan,nan,,20,21,,OFF
1790597119.1577451,1,287,1,round-robin,6,1,,0.9942,0.9941,,nan,nan,,21,21,,OFF
1790597123.8785737,2,221,1,round-robin,6,2,,0.9938,0.9925,,nan,nan,,20,21,,ON
1790597126.86062,7,294,1,round-robin,6,2,,0.1244,0.9915,,nan,nan,,19,20,,ON
1790597127.912738,6,292,1,round-robin,6,1,,0.9923,0.9938,,nan,nan,,20,20,,ON
1790597130.2461278,4,296,1,round-robin,6,2,,0.7619,0.9938,,nan,nan,,20,21,,ON
1790597131.1370573,10,287,1,round-robin,6,2,,0.9892,0.9914,,nan,nan,,20,21,,ON
1790597131.8776107,9,297,1,round-robin,6,1,,0.9883,0.0029,,nan,nan,,21,21,,ON
1790597132.1934853,1,288,1,round-robin,6,2,,0.0,0.0,,nan,nan,,21,22,,ON
1790597132.601299,3,289,0,round-robin,6,2,,0.0,0.0,,nan,nan,,21,22,,ON
1790597140.6838608,2,222,1,round-robin,6,1,,0.9294,0.9925,,nan,nan,,19,20,,ON
1790597143.0110073,7,295,1,round-robin,6,1,,0.0729,0.9915,,nan,nan,,19,19,,ON
1790597144.237152,6,293,1,round-robin,6,2,,0.971,0.9938,,nan,nan,,19,20,,ON
1790597145.6057396,8,287,0,round-robin,6,1,,0.0,0.7324,,nan,nan,,20,19,,ON
1790597145.6964319,9,298,1,round-robin,6,2,,0.9189,0.0029,,nan,nan,,20,20,,ON
1790597146.6512134,4,297,1,round-robin,6,1,,0.7948,0.4854,,nan,nan,,21,19,,OFF
1790597148.443253,1,289,1,round-robin,6,1,,0.0974,0.0008,,nan,nan,,19,19,,OFF
1790597148.607581,3,290,0,round-robin,6,1,,0.0,0.0,,nan,nan,,20,19,,OFF
1790597151.6104727,10,288,0,round-robin,6,1,,0.0,0.0,,nan,nan,,19,19,,OFF
1790597155.8451881,8,288,1,round-robin,6,2,,0.9898,0.9925,,nan,nan,,19,18,,OFF
1790597156.140655,2,223,1,round-robin,6,2,,0.9925,0.9938,,nan,nan,,19,19,,OFF
1790597158.1712694,7,296,1,round-robin,6,2,,0.9925,0.9942,,nan,nan,,18,20,,OFF
1790597158.6373677,3,291,1,round-robin,6,2,,0.9938,0.9932,,nan,nan,,17,20,,OFF
1790597159.3841772,4,298,1,round-robin,6,2,,0.9932,0.9912,,nan,nan,,17,21,,OFF
1790597161.1725864,6,294,1,round-robin,6,1,,0.9901,0.9915,,nan,nan,,17,20,,OFF
1790597162.1728175,10,289,1,round-robin,6,2,,0.9888,0.9901,,nan,nan,,17,21,,OFF
1790597163.7027915,1,290,1,round-robin,6,2,,0.9939,0.9933,,nan,nan,,17,20,,OFF
1790597167.6213312,9,299,0,round-robin,6,1,,0.9923,0.9862,,nan,nan,,17,19,,OFF
1790597167.6220345,5,293,0,round-robin,6,1,,0.8729,0.9938,,nan,nan,,18,19,,OFF
1790597169.1204638,2,224,1,round-robin,6,1,,0.9933,0.9925,,nan,nan,,18,19,,OFF
1790597171.4756832,8,289,1,round-robin,6,1,,0.9925,0.9925,,nan,nan,,19,19,,OFF
1790597171.995849,7,297,1,round-robin,6,1,,0.9933,0.9942,,nan,nan,,20,18,,OFF
1790597174.2392447,4,299,1,round-robin,6,1,,0.9925,0.9901,,nan,nan,,19,18,,ON
1790597176.1443007,10,290,1,round-robin,6,1,,0.0,0.0167,,nan,nan,,19,17,,ON
1790597177.369256,9,300,1,round-robin,6,2,,0.9926,0.0,,nan,nan,,18,18,,ON
1790597178.1815143,1,291,1,round-robin,6,1,,0.7749,0.9933,,nan,nan,,19,18,,ON
1790597180.6275444,6,295,0,round-robin,6,2,,0.8515,0.9915,,nan,nan,,18,17,,ON
1790597181.629525,3,292,0,round-robin,6,1,,0.9933,0.9915,,nan,nan,,19,17,,ON
1790597183.3581035,2,225,1,round-robin,6,2,,0.004,0.0,,nan,nan,,19,18,,ON
1790597184.6364503,5,294,0,round-robin,6,2,,0.9918,0.9926,,nan,nan,,19,18,,ON
1790597185.9058833,7,298,1,round-robin,6,2,,0.8771,0.9942,,nan,nan,,19,19,,ON
1790597189.4923031,4,300,1,round-robin,6,2,,0.9766,0.9901,,nan,nan,,18,19,,ON
1790597190.835078,6,296,1,round-robin,6,1,,0.048,0.0,,nan,nan,,19,18,,ON
1790597193.0085564,9,301,1,round-robin,6,1,,0.9924,0.0,,nan,nan,,19,15,,ON
1790597194.5058424,1,292,1,round-robin,6,2,,0.0,0.0,,nan,nan,,19,16,,OFF
1790597195.6427276,10,291,0,round-robin,6,2,,0.0457,0.8987,,nan,nan,,19,17,,OFF
1790597195.6433866,3,293,0,round-robin,6,2,,0.0,0.9915,,nan,nan,,19,18,,OFF
1790597198.4004009,2,226,1,round-robin,6,1,,0.9941,0.9931,,nan,nan,,20,18,,OFF
1790597200.560227,7,299,1,round-robin,6,1,,0.9915,0.9933,,nan,nan,,21,18,,OFF
1790597201.4746888,8,291,1,round-robin,6,2,,0.9915,0.9916,,nan,nan,,20,19,,OFF
1790597204.6462228,4,301,1,round-robin,6,1,,0.9938,0.9916,,nan,nan,,20,18,,OFF
1790597205.8270988,10,292,1,round-robin,6,1,,0.9933,0.9901,,nan,nan,,20,17,,OFF
1790597206.3406146,3,294,1,round-robin,6,1,,0.9915,0.9915,,nan,nan,,21,17,,OFF
1790597206.9110882,6,297,1,round-robin,6,2,,0.9835,0.0,,nan,nan,,20,18,,OFF
1790597207.1343005,9,302,1,round-robin,6,2,,0.9878,0.99,,nan,nan,,20,19,,OFF
1790597208.04873,1,293,1,round-robin,6,1,,0.9882,0.9915,,nan,nan,,21,19,,OFF
1790597209.8000698,5,296,1,round-robin,6,1,,0.9913,0.9937,,nan,nan,,20,19,,OFF
1790597211.4235427,2,227,1,round-robin,6,2,,0.9933,0.9925,,nan,nan,,20,20,,OFF
1790597213.60966,7,300,1,round-robin,6,2,,0.9942,0.9942,,nan,nan,,19,21,,OFF
1790597217.1427886,8,292,1,round-robin,6,1,,0.9925,0.9915,,nan,nan,,20,19,,OFF
1790597219.6766953,6,298,1,round-robin,6,1,,0.9901,0.9915,,nan,nan,,21,16,,OFF
1790597220.1382775,9,303,1,round-robin,6,1,,0.9912,0.0,,nan,nan,,22,16,,OFF
1790597220.6255186,3,295,1,round-robin,6,2,,0.9925,0.9925,,nan,nan,,22,17,,OFF
1790597221.4503295,1,294,1,round-robin,6,2,,0.9942,0.9925,,nan,nan,,21,18,,OFF
1790597222.6597283,4,302,0,round-robin,6,2,,0.9941,0.9942,,nan,nan,,21,18,,OFF
1790597223.9431455,5,297,1,round-robin,6,2,,0.0874,0.3308,,nan,nan,,21,18,,OFF
1790597225.662113,10,293,0,round-robin,6,2,,0.9933,0.9245,,nan,nan,,21,19,,OFF
1790597229.3304777,7,301,1,round-robin,6,1,,0.9924,0.9932,,nan,nan,,19,19,,OFF
1790597229.664605,2,228,0,round-robin,6,1,,0.9933,0.9915,,nan,nan,,20,19,,OFF
1790597232.4463289,6,299,1,round-robin,6,2,,0.9914,0.9942,,nan,nan,,18,20,,OFF
1790597233.2201242,8,293,1,round-robin,6,2,,0.9944,0.9925,,nan,nan,,18,21,,OFF
1790597234.8003383,1,295,1,round-robin,6,1,,0.9941,0.9914,,nan,nan,,18,21,,OFF
1790597235.6111116,10,294,1,round-robin,6,1,,0.9933,0.9925,,nan,nan,,19,21,,OFF
1790597237.455859,5,298,1,round-robin,6,1,,0.9938,0.9938,,nan,nan,,19,20,,OFF
1790597238.6700568,4,303,0,round-robin,6,1,,0.9938,0.9938,,nan,nan,,19,20,,OFF
1790597239.2698433,2,229,1,round-robin,6,2,,0.9933,0.9915,,nan,nan,,19,21,,OFF
1790597240.6722124,9,304,0,round-robin,6,2,,0.8524,0.0,,nan,nan,,19,21,,OFF
1790597240.6730444,3,296,0,round-robin,6,1,,0.9925,0.9915,,nan,nan,,20,21,,OFF
1790597245.741812,7,302,1,round-robin,6,2,,0.9923,0.9924,,nan,nan,,19,20,,OFF
1790597247.7237382,8,294,1,round-robin,6,1,,0.9925,0.9916,,nan,nan,,20,19,,ON
1790597247.7661304,6,300,1,round-robin,6,1,,0.9924,0.9925,,nan,nan,,21,19,,ON
1790597248.189191,1,296,1,round-robin,6,2,,0.9925,0.9914,,nan,nan,,21,20,,ON
1790597248.8884902,4,304,1,round-robin,6,2,,0.9915,0.9937,,nan,nan,,21,21,,ON
1790597250.1237342,5,299,1,round-robin,6,2,,0.3011,0.0,,nan,nan,,21,21,,ON
1790597251.4557064,9,305,1,round-robin,6,1,,0.9933,0.0008,,nan,nan,,21,21,,ON
1790597251.9873092,3,297,1,round-robin,6,2,,0.0,0.0,,nan,nan,,21,22,,ON
1790597252.3608885,2,230,1,round-robin,6,1,,0.0,0.0,,nan,nan,,22,22,,ON
1790597256.6809244,10,295,0,round-robin,6,2,,0.0001,0.9256,,nan,nan,,21,20,,ON
1790597260.422457,7,303,1,round-robin,6,1,,0.9712,0.9924,,nan,nan,,21,20,,ON
1790597261.2285,6,301,1,round-robin,6,2,,0.9925,0.9925,,nan,nan,,20,21,,ON
1790597263.2250073,1,297,1,round-robin,6,1,,0.0,0.0,,nan,nan,,21,20,,ON
1790597264.9786813,9,306,1,round-robin,6,2,,0.9699,0.0,,nan,nan,,20,21,,ON
1790597265.7759027,4,305,1,round-robin,6,1,,0.8334,0.0,,nan,nan,,21,21,,ON
1790597267.628598,3,298,1,round-robin,6,1,,0.0,0.0,,nan,nan,,20,19,,ON
1790597268.7039576,8,295,0,round-robin,6,2,,0.0,0.0095,,nan,nan,,19,20,,OFF
1790597272.7160633,5,300,0,round-robin,6,1,,0.0,0.0,,nan,nan,,19,19,,OFF
1790597273.556633,7,304,1,round-robin,6,2,,0.9925,0.9933,,nan,nan,,19,20,,OFF
1790597273.7151544,2,231,0,round-robin,6,2,,0.9896,0.8804,,nan,nan,,19,20,,OFF
1790597275.8301184,6,302,1,round-robin,6,1,,0.99,0.9925,,nan,nan,,20,20,,OFF
1790597277.6586688,8,296,1,round-robin,6,1,,0.9901,0.9916,,nan,nan,,20,20,,OFF
